# relative_time, cycles_done, cur_item, corpus_count, pending_total, pending_favs, map_size, saved_crashes, saved_hangs, max_depth, execs_per_sec, total_execs, edges_found
61, 0, 1, 22, 22, 2, 25.44%, 0, 0, 2, 61.47, 3690, 86
66, 0, 1, 22, 22, 2, 25.44%, 0, 0, 2, 63.96, 4005, 86
71, 0, 1, 22, 22, 2, 25.44%, 0, 0, 2, 65.33, 4349, 86
76, 0, 1, 22, 22, 2, 25.44%, 0, 0, 2, 54.93, 4635, 86
81, 0, 1, 22, 22, 2, 25.44%, 0, 0, 2, 62.89, 4968, 86
86, 0, 1, 22, 22, 2, 25.44%, 0, 0, 2, 59.96, 5271, 86
91, 0, 1, 22, 22, 2, 25.44%, 0, 0, 2, 63.58, 5617, 86
97, 0, 1, 22, 22, 2, 25.44%, 0, 0, 2, 56.41, 5890, 86
102, 0, 1, 22, 22, 2, 25.44%, 0, 0, 2, 50.58, 6163, 86
107, 0, 1, 22, 22, 2, 25.44%, 0, 0, 2, 58.69, 6491, 86
112, 0, 1, 22, 22, 2, 25.44%, 0, 0, 2, 56.45, 6756, 86
117, 0, 1, 22, 22, 2, 25.44%, 0, 0, 2, 56.69, 7058, 86
122, 0, 1, 22, 22, 2, 25.44%, 0, 0, 2, 64.93, 7380, 86
127, 0, 1, 22, 22, 2, 25.44%, 0, 0, 2, 64.31, 7701, 86
133, 0, 1, 23, 23, 2, 25.74%, 0, 0, 2, 57.69, 7990, 87
138, 0, 1, 23, 23, 2, 25.74%, 0, 0, 2, 59.65, 8312, 87
143, 0, 1, 23, 23, 2, 25.74%, 0, 0, 2, 66.65, 8657, 87
148, 0, 1, 23, 23, 2, 25.74%, 0, 0, 2, 60.37, 8952, 87
153, 0, 1, 23, 23, 2, 25.74%, 0, 0, 2, 58.69, 9225, 87
158, 0, 1, 23, 23, 2, 25.74%, 0, 0, 2, 61.97, 9555, 87
163, 0, 1, 23, 23, 2, 25.74%, 0, 0, 2, 59.34, 9859, 87
168, 0, 1, 23, 23, 2, 25.74%, 0, 0, 2, 60.85, 10154, 87
174, 0, 1, 24, 24, 2, 26.04%, 0, 0, 2, 58.93, 10466, 88
179, 0, 1, 25, 25, 2, 26.33%, 0, 0, 2, 65.27, 10778, 89
184, 0, 1, 25, 25, 2, 26.33%, 0, 0, 2, 65.03, 11105, 89
189, 0, 1, 26, 26, 2, 26.63%, 0, 0, 2, 62.39, 11432, 90
194, 0, 1, 26, 26, 2, 26.63%, 0, 0, 2, 64.86, 11766, 90
199, 0, 1, 26, 26, 2, 26.63%, 0, 0, 2, 62.93, 12095, 90
204, 0, 1, 26, 26, 2, 26.63%, 0, 0, 2, 60.79, 12391, 90
209, 0, 1, 26, 26, 2, 26.63%, 0, 0, 2, 61.75, 12695, 90
214, 0, 1, 26, 26, 2, 26.63%, 0, 0, 2, 56.51, 12986, 90
220, 0, 1, 26, 26, 2, 26.63%, 0, 0, 2, 51.03, 13231, 90
225, 0, 1, 26, 26, 2, 26.63%, 0, 0, 2, 50.66, 13502, 90
230, 0, 1, 26, 26, 2, 26.63%, 0, 0, 2, 56.22, 13803, 90
235, 0, 1, 26, 26, 2, 26.63%, 0, 0, 2, 59.96, 14119, 90
240, 0, 1, 26, 26, 2, 26.63%, 0, 0, 2, 76.68, 14350, 90
245, 0, 1, 26, 26, 2, 26.63%, 0, 0, 2, 70.47, 14707, 90
250, 0, 1, 26, 26, 2, 26.63%, 0, 0, 2, 62.66, 15010, 90
255, 0, 1, 26, 26, 2, 26.63%, 1, 0, 2, 59.67, 15302, 90
261, 0, 1, 26, 26, 2, 26.63%, 1, 0, 2, 62.24, 15595, 90
266, 0, 1, 26, 26, 2, 26.63%, 1, 0, 2, 57.15, 15886, 90
271, 0, 1, 26, 26, 2, 26.63%, 1, 0, 2, 69.05, 16256, 90
276, 0, 1, 26, 26, 2, 26.63%, 1, 0, 2, 61.90, 16558, 90
281, 0, 1, 26, 26, 2, 26.63%, 1, 0, 2, 63.43, 16875, 90
286, 0, 1, 26, 26, 2, 26.63%, 1, 0, 2, 62.70, 17178, 90
291, 0, 1, 27, 27, 2, 26.92%, 1, 0, 2, 64.90, 17513, 91
296, 0, 1, 27, 27, 2, 26.92%, 1, 0, 2, 71.08, 17883, 91
301, 0, 1, 27, 27, 2, 26.92%, 1, 0, 2, 64.64, 18206, 91
307, 0, 1, 27, 27, 2, 26.92%, 1, 0, 2, 67.04, 18558, 91
312, 0, 1, 28, 28, 2, 26.92%, 2, 0, 2, 62.55, 18850, 91
317, 0, 1, 28, 28, 2, 26.92%, 2, 0, 2, 55.29, 19134, 91
322, 0, 1, 28, 28, 2, 26.92%, 2, 0, 2, 62.11, 19441, 91
327, 0, 1, 28, 28, 2, 26.92%, 2, 0, 2, 53.68, 19712, 91
332, 0, 1, 28, 28, 2, 26.92%, 2, 0, 2, 64.35, 20050, 91
337, 0, 1, 28, 28, 2, 26.92%, 2, 0, 2, 61.63, 20357, 91
343, 0, 1, 28, 28, 2, 26.92%, 2, 0, 2, 64.86, 20688, 91
348, 0, 1, 28, 28, 2, 26.92%, 2, 0, 2, 66.44, 21012, 91
353, 0, 1, 28, 28, 2, 26.92%, 2, 0, 2, 61.58, 21353, 91
358, 0, 1, 28, 28, 2, 26.92%, 2, 0, 2, 70.01, 21723, 91
363, 0, 1, 28, 28, 2, 26.92%, 2, 0, 2, 64.63, 22004, 91
368, 0, 1, 29, 29, 2, 26.92%, 2, 0, 2, 68.42, 22335, 91
373, 0, 1, 29, 29, 2, 26.92%, 2, 0, 2, 63.20, 22660, 91
378, 0, 1, 29, 29, 2, 26.92%, 2, 0, 2, 62.41, 22958, 91
383, 0, 1, 29, 29, 2, 26.92%, 2, 0, 2, 61.65, 23254, 91
389, 0, 1, 29, 29, 2, 26.92%, 2, 0, 2, 64.25, 23595, 91
394, 0, 1, 29, 29, 2, 26.92%, 2, 0, 2, 60.35, 23888, 91
399, 0, 1, 29, 29, 2, 26.92%, 2, 0, 2, 53.71, 24164, 91
404, 0, 1, 29, 29, 2, 26.92%, 2, 0, 2, 60.89, 24474, 91
409, 0, 1, 30, 30, 2, 27.22%, 2, 0, 2, 59.10, 24747, 92
414, 0, 1, 30, 30, 2, 27.22%, 2, 0, 2, 64.63, 25073, 92
419, 0, 1, 30, 30, 2, 27.22%, 2, 0, 2, 54.08, 25341, 92
424, 0, 1, 30, 30, 2, 27.22%, 2, 0, 2, 59.52, 25631, 92
429, 0, 1, 30, 30, 2, 27.22%, 2, 0, 2, 57.59, 25923, 92
434, 0, 1, 30, 30, 2, 27.22%, 2, 0, 2, 60.24, 26225, 92
440, 0, 1, 31, 31, 2, 27.51%, 2, 0, 2, 61.96, 26543, 93
445, 0, 1, 31, 31, 2, 27.51%, 2, 0, 2, 60.85, 26854, 93
450, 0, 1, 31, 31, 2, 27.51%, 2, 0, 2, 61.08, 27154, 93
455, 0, 1, 31, 31, 2, 27.51%, 2, 0, 2, 68.26, 27514, 93
460, 0, 1, 31, 31, 2, 27.51%, 2, 0, 2, 62.56, 27823, 93
465, 0, 1, 31, 31, 2, 27.51%, 2, 0, 2, 57.49, 28125, 93
470, 0, 1, 32, 32, 2, 27.51%, 2, 0, 2, 64.47, 28442, 93
476, 0, 1, 32, 32, 2, 27.51%, 2, 0, 2, 70.76, 28791, 93
481, 0, 1, 32, 32, 2, 27.51%, 2, 0, 2, 66.57, 29129, 93
486, 0, 1, 32, 32, 2, 27.51%, 2, 0, 2, 61.07, 29439, 93
491, 0, 1, 32, 32, 2, 27.51%, 2, 0, 2, 65.61, 29789, 93
496, 0, 1, 32, 32, 2, 27.51%, 2, 0, 2, 68.66, 30118, 93
501, 0, 1, 32, 32, 2, 27.51%, 2, 0, 2, 66.26, 30434, 93
506, 0, 1, 32, 32, 2, 27.51%, 2, 0, 2, 57.53, 30710, 93
511, 0, 1, 32, 32, 2, 27.51%, 2, 0, 2, 60.05, 31016, 93
517, 0, 1, 32, 32, 2, 27.51%, 2, 0, 2, 61.45, 31322, 93
522, 0, 1, 32, 32, 2, 27.51%, 2, 0, 2, 59.38, 31624, 93
527, 0, 1, 32, 32, 2, 27.51%, 2, 0, 2, 63.35, 31951, 93
532, 0, 1, 32, 32, 2, 27.51%, 2, 0, 2, 62.57, 32262, 93
537, 0, 1, 32, 32, 2, 27.51%, 2, 0, 2, 60.37, 32547, 93
542, 0, 1, 32, 32, 2, 27.51%, 2, 0, 2, 60.01, 32848, 93
547, 0, 1, 33, 33, 2, 27.51%, 2, 0, 2, 60.50, 33156, 93
552, 0, 1, 33, 33, 2, 27.51%, 2, 0, 2, 37.76, 33330, 93
557, 0, 1, 33, 33, 2, 27.51%, 2, 0, 2, 56.15, 33622, 93
562, 0, 13, 34, 33, 27, 27.81%, 2, 0, 3, 109.97, 34212, 94
567, 0, 5, 34, 32, 27, 27.81%, 2, 0, 3, 135.54, 34911, 94
587, 0, 16, 34, 30, 25, 27.81%, 2, 0, 3, 0.19, 35309, 94
593, 0, 16, 34, 30, 25, 27.81%, 2, 0, 3, 76.85, 35550, 94
598, 0, 16, 34, 30, 25, 27.81%, 2, 0, 3, 49.48, 35770, 94
603, 0, 16, 34, 30, 25, 27.81%, 2, 0, 3, 49.19, 36007, 94
608, 0, 21, 34, 29, 24, 27.81%, 2, 0, 3, 29.05, 36169, 94
613, 0, 21, 34, 29, 24, 27.81%, 2, 0, 3, 56.56, 36485, 94
618, 0, 21, 34, 29, 24, 27.81%, 2, 0, 3, 57.30, 36760, 94
623, 0, 21, 34, 29, 24, 27.81%, 2, 0, 3, 60.42, 37067, 94
628, 0, 14, 34, 28, 23, 27.81%, 2, 0, 3, 69.09, 37377, 94
633, 0, 17, 34, 27, 22, 27.81%, 2, 0, 3, 117.22, 38017, 94
638, 0, 17, 34, 27, 22, 27.81%, 2, 0, 3, 87.01, 38409, 94
643, 0, 17, 34, 27, 22, 27.81%, 2, 0, 3, 68.41, 38714, 94
649, 0, 4, 34, 26, 21, 27.81%, 2, 0, 3, 50.62, 38932, 94
654, 0, 4, 34, 26, 21, 27.81%, 2, 0, 3, 142.86, 39375, 94
659, 0, 6, 34, 25, 20, 27.81%, 2, 0, 3, 138.51, 39668, 94
664, 0, 6, 34, 25, 20, 27.81%, 2, 0, 3, 106.61, 40158, 94
669, 0, 19, 34, 24, 19, 27.81%, 2, 0, 3, 96.34, 40628, 94
674, 0, 19, 34, 24, 19, 27.81%, 2, 0, 3, 103.10, 41139, 94
679, 0, 9, 34, 23, 18, 27.81%, 2, 0, 3, 121.30, 41781, 94
684, 0, 0, 34, 22, 17, 27.81%, 2, 0, 3, 14.57, 42140, 94
690, 0, 0, 34, 22, 17, 27.81%, 2, 0, 3, 14.61, 42215, 94
695, 0, 0, 34, 22, 17, 27.81%, 2, 0, 3, 14.63, 42290, 94
700, 0, 0, 35, 23, 17, 27.81%, 2, 0, 3, 74.13, 42391, 94
705, 0, 0, 35, 23, 17, 27.81%, 2, 0, 3, 50.08, 42628, 94
710, 0, 0, 35, 23, 17, 27.81%, 2, 0, 3, 46.76, 42869, 94
715, 0, 0, 35, 23, 17, 27.81%, 2, 0, 3, 45.04, 43093, 94
720, 0, 0, 35, 23, 17, 27.81%, 2, 0, 3, 75.42, 43521, 94
725, 0, 0, 35, 23, 17, 27.81%, 2, 0, 3, 53.11, 43757, 94
730, 0, 28, 35, 22, 17, 27.81%, 2, 0, 3, 30.91, 43929, 94
735, 0, 28, 35, 22, 17, 27.81%, 2, 0, 3, 58.10, 44231, 94
741, 0, 28, 35, 22, 17, 27.81%, 2, 0, 3, 97.29, 44741, 94
746, 0, 29, 35, 21, 16, 27.81%, 2, 0, 3, 14.63, 45129, 94
751, 0, 29, 35, 21, 16, 27.81%, 2, 0, 3, 36.28, 45301, 94
756, 0, 29, 35, 21, 16, 27.81%, 2, 0, 3, 28.75, 45464, 94
761, 0, 29, 35, 21, 16, 27.81%, 2, 0, 3, 41.53, 45672, 94
766, 0, 7, 35, 20, 15, 27.81%, 2, 0, 3, 71.83, 46010, 94
771, 0, 15, 35, 19, 14, 27.81%, 2, 0, 3, 118.85, 46656, 94
776, 0, 34, 35, 18, 13, 27.81%, 2, 0, 3, 134.17, 47356, 94
781, 0, 34, 35, 18, 13, 27.81%, 2, 0, 3, 14.66, 47461, 94
786, 0, 34, 35, 18, 13, 27.81%, 2, 0, 3, 14.65, 47536, 94
791, 0, 34, 35, 18, 13, 27.81%, 2, 0, 3, 14.63, 47611, 94
796, 0, 34, 35, 18, 13, 27.81%, 2, 0, 3, 25.73, 47739, 94
802, 0, 34, 35, 18, 13, 27.81%, 2, 0, 3, 51.63, 48014, 94
807, 0, 13, 35, 17, 12, 27.81%, 2, 0, 3, 107.27, 48621, 94
812, 0, 8, 35, 17, 12, 27.81%, 2, 0, 3, 115.37, 49234, 94
817, 0, 8, 35, 17, 12, 27.81%, 2, 0, 3, 25.43, 49387, 94
822, 0, 8, 35, 17, 12, 27.81%, 2, 0, 3, 47.16, 49653, 94
827, 0, 8, 35, 17, 12, 27.81%, 2, 0, 3, 51.32, 49935, 94
832, 0, 11, 35, 16, 11, 27.81%, 2, 0, 3, 111.98, 50498, 94
837, 0, 10, 35, 15, 10, 27.81%, 2, 0, 3, 120.26, 51133, 94
842, 0, 23, 35, 14, 9, 27.81%, 2, 0, 3, 16.30, 51386, 94
848, 0, 23, 35, 14, 9, 27.81%, 2, 0, 3, 30.25, 51541, 94
853, 0, 23, 35, 14, 9, 27.81%, 2, 0, 3, 49.66, 51829, 94
858, 0, 23, 35, 14, 9, 27.81%, 2, 0, 3, 52.29, 52102, 94
863, 0, 20, 35, 13, 8, 27.81%, 2, 0, 3, 73.96, 52439, 94
868, 0, 20, 35, 13, 8, 27.81%, 2, 0, 3, 109.19, 52832, 94
873, 0, 24, 35, 12, 7, 27.81%, 2, 0, 3, 96.13, 53139, 94
878, 0, 32, 35, 11, 6, 27.81%, 2, 0, 3, 14.63, 53349, 94
883, 0, 32, 35, 11, 6, 27.81%, 2, 0, 3, 71.56, 53597, 94
888, 0, 32, 35, 11, 6, 27.81%, 2, 0, 3, 73.66, 53930, 94
893, 0, 32, 35, 11, 6, 27.81%, 2, 0, 3, 38.09, 54075, 94
898, 0, 32, 35, 11, 6, 27.81%, 2, 0, 3, 27.40, 54207, 94
904, 0, 32, 35, 11, 6, 27.81%, 2, 0, 3, 45.80, 54432, 94
909, 0, 34, 35, 9, 4, 27.81%, 2, 0, 3, 118.30, 55128, 94
914, 0, 34, 35, 9, 4, 27.81%, 2, 0, 3, 40.67, 55353, 94
919, 0, 34, 35, 9, 4, 27.81%, 2, 0, 3, 78.82, 55742, 94
924, 0, 22, 35, 9, 4, 27.81%, 2, 0, 3, 14.56, 56032, 94
929, 0, 22, 35, 9, 4, 27.81%, 2, 0, 3, 81.86, 56196, 94
934, 0, 22, 35, 9, 4, 27.81%, 2, 0, 3, 64.22, 56487, 94
940, 0, 22, 35, 9, 4, 27.81%, 2, 0, 3, 49.39, 56736, 94
945, 0, 22, 35, 9, 4, 27.81%, 2, 0, 3, 55.13, 57008, 94
950, 0, 30, 35, 8, 3, 27.81%, 2, 0, 3, 56.52, 57257, 94
955, 0, 30, 35, 8, 3, 27.81%, 2, 0, 3, 36.53, 57388, 94
960, 0, 30, 35, 8, 3, 27.81%, 2, 0, 3, 65.17, 57753, 94
965, 0, 30, 35, 8, 3, 27.81%, 2, 0, 3, 53.20, 58011, 94
970, 0, 30, 35, 8, 3, 27.81%, 2, 0, 3, 59.64, 58243, 94
975, 0, 18, 35, 7, 2, 27.81%, 2, 0, 3, 39.66, 58491, 94
980, 0, 18, 35, 7, 2, 27.81%, 2, 0, 3, 51.02, 58735, 94
986, 0, 18, 35, 7, 2, 27.81%, 2, 0, 3, 53.97, 59027, 94
991, 0, 25, 35, 6, 1, 27.81%, 2, 0, 3, 74.25, 59387, 94
996, 0, 25, 35, 6, 1, 27.81%, 2, 0, 3, 73.96, 59784, 94
1001, 0, 33, 35, 5, 0, 27.81%, 2, 0, 3, 96.17, 60220, 94
1006, 0, 28, 35, 5, 0, 27.81%, 2, 0, 3, 76.68, 60617, 94
1011, 0, 28, 35, 5, 0, 27.81%, 2, 0, 3, 70.78, 60965, 94
1016, 0, 28, 35, 5, 0, 27.81%, 2, 0, 3, 64.00, 61271, 94
1021, 0, 28, 35, 5, 0, 27.81%, 2, 0, 3, 76.38, 61656, 94
1026, 0, 28, 35, 5, 0, 27.81%, 2, 0, 3, 60.94, 61957, 94
1032, 0, 28, 35, 5, 0, 27.81%, 2, 0, 3, 44.79, 62192, 94
1037, 0, 28, 35, 5, 0, 27.81%, 2, 0, 3, 35.73, 62359, 94
1042, 0, 28, 35, 5, 0, 27.81%, 2, 0, 3, 32.97, 62540, 94
1047, 0, 28, 35, 5, 0, 27.81%, 2, 0, 3, 24.56, 62653, 94
1052, 0, 28, 35, 5, 0, 27.81%, 2, 0, 3, 151.86, 62917, 94
1057, 0, 28, 35, 5, 0, 27.81%, 2, 0, 3, 22.15, 63071, 94
1062, 0, 28, 35, 5, 0, 27.81%, 2, 0, 3, 147.33, 63278, 94
1068, 0, 28, 35, 5, 0, 27.81%, 2, 0, 3, 42.34, 63607, 94
1073, 0, 28, 35, 5, 0, 27.81%, 2, 0, 3, 64.33, 63944, 94
1078, 0, 28, 35, 5, 0, 27.81%, 2, 0, 3, 83.50, 64346, 94
1083, 0, 28, 35, 5, 0, 27.81%, 2, 0, 3, 114.90, 64960, 94
1088, 0, 28, 35, 5, 0, 27.81%, 2, 0, 3, 82.32, 65362, 94
1093, 0, 8, 35, 5, 0, 27.81%, 2, 0, 3, 74.60, 65718, 94
1098, 0, 8, 35, 5, 0, 27.81%, 2, 0, 3, 56.10, 65999, 94
1103, 0, 8, 35, 5, 0, 27.81%, 2, 0, 3, 41.60, 66182, 94
1108, 1, 16, 35, 5, 0, 27.81%, 2, 0, 3, 74.16, 66595, 94
1113, 1, 16, 35, 5, 0, 27.81%, 2, 0, 3, 66.71, 66921, 94
1118, 1, 16, 35, 5, 0, 27.81%, 2, 0, 3, 52.74, 67150, 94
1124, 1, 32, 35, 5, 0, 27.81%, 2, 0, 3, 59.90, 67459, 94
1129, 1, 32, 35, 5, 0, 27.81%, 2, 0, 3, 52.43, 67715, 94
1134, 1, 32, 35, 5, 0, 27.81%, 2, 0, 3, 64.80, 68045, 94
1139, 1, 32, 35, 5, 0, 27.81%, 2, 0, 3, 57.70, 68322, 94
1144, 1, 32, 35, 5, 0, 27.81%, 2, 0, 3, 54.79, 68604, 94
1149, 1, 32, 35, 5, 0, 27.81%, 2, 0, 3, 61.70, 68920, 94
1154, 1, 32, 35, 5, 0, 27.81%, 2, 0, 3, 67.23, 69258, 94
1159, 1, 32, 35, 5, 0, 27.81%, 2, 0, 3, 81.96, 69652, 94
1164, 1, 32, 35, 5, 0, 27.81%, 2, 0, 3, 54.57, 69913, 94
1169, 1, 32, 35, 5, 0, 27.81%, 2, 0, 3, 101.76, 70440, 94
1174, 1, 32, 35, 5, 0, 27.81%, 2, 0, 3, 123.28, 71082, 94
1180, 1, 32, 35, 5, 0, 27.81%, 2, 0, 3, 19.57, 71207, 94
1185, 1, 32, 35, 5, 0, 27.81%, 2, 0, 3, 22.25, 71323, 94
1190, 1, 32, 35, 5, 0, 27.81%, 2, 0, 3, 22.70, 71444, 94
1195, 1, 32, 35, 5, 0, 27.81%, 2, 0, 3, 28.21, 71588, 94
1200, 1, 32, 35, 5, 0, 27.81%, 2, 0, 3, 47.83, 71808, 94
1205, 1, 32, 35, 5, 0, 27.81%, 2, 0, 3, 47.55, 72105, 94
1210, 1, 32, 35, 5, 0, 27.81%, 2, 0, 3, 56.74, 72380, 94
1216, 1, 6, 35, 5, 0, 27.81%, 2, 0, 3, 84.16, 72838, 94
1221, 1, 25, 35, 5, 0, 27.81%, 2, 0, 3, 110.13, 73394, 94
1226, 1, 25, 35, 5, 0, 27.81%, 2, 0, 3, 17.14, 73735, 94
1231, 1, 25, 35, 5, 0, 27.81%, 2, 0, 3, 136.77, 74065, 94
1236, 1, 34, 35, 5, 0, 27.81%, 2, 0, 3, 75.76, 74338, 94
1241, 1, 34, 35, 5, 0, 27.81%, 2, 0, 3, 78.84, 74689, 94
1246, 1, 19, 35, 5, 0, 27.81%, 2, 0, 3, 120.50, 75343, 94
1251, 1, 29, 35, 5, 0, 27.81%, 2, 0, 3, 103.36, 75871, 94
1256, 1, 29, 35, 5, 0, 27.81%, 2, 0, 3, 73.54, 76208, 94
1262, 1, 29, 35, 5, 0, 27.81%, 2, 0, 3, 61.77, 76512, 94
1267, 1, 34, 35, 5, 0, 27.81%, 2, 0, 3, 47.52, 76749, 94
1272, 1, 34, 35, 5, 0, 27.81%, 2, 0, 3, 75.75, 77119, 94
1277, 1, 0, 35, 5, 0, 27.81%, 2, 0, 3, 122.34, 77806, 94
1282, 1, 0, 35, 5, 0, 27.81%, 2, 0, 3, 67.11, 78043, 94
1287, 1, 0, 35, 5, 0, 27.81%, 2, 0, 3, 49.62, 78260, 94
1292, 1, 0, 35, 5, 0, 27.81%, 2, 0, 3, 42.43, 78466, 94
1297, 1, 0, 35, 5, 0, 27.81%, 2, 0, 3, 49.58, 78728, 94
1302, 1, 0, 35, 5, 0, 27.81%, 2, 0, 3, 48.49, 78984, 94
1307, 1, 0, 35, 5, 0, 27.81%, 2, 0, 3, 43.49, 79187, 94
1312, 1, 0, 35, 5, 0, 27.81%, 2, 0, 3, 48.01, 79439, 94
1318, 1, 0, 35, 5, 0, 27.81%, 2, 0, 3, 72.38, 79776, 94
1323, 1, 0, 35, 5, 0, 27.81%, 2, 0, 3, 38.08, 79915, 94
1328, 1, 0, 35, 5, 0, 27.81%, 2, 0, 3, 71.18, 80207, 94
1333, 1, 0, 35, 5, 0, 27.81%, 2, 0, 3, 120.06, 80885, 94
1338, 1, 0, 35, 5, 0, 27.81%, 2, 0, 3, 111.92, 81462, 94
1343, 1, 0, 35, 5, 0, 27.81%, 2, 0, 3, 126.42, 82108, 94
1348, 1, 0, 35, 5, 0, 27.81%, 2, 0, 3, 117.41, 82676, 94
1353, 1, 25, 35, 5, 0, 27.81%, 2, 0, 3, 103.43, 83183, 94
1358, 1, 25, 35, 5, 0, 27.81%, 2, 0, 3, 117.11, 83669, 94
1364, 1, 7, 35, 5, 0, 27.81%, 2, 0, 3, 132.92, 84234, 94
1367, 1, 29, 35, 5, 0, 27.81%, 2, 0, 3, 0.00, 84453, 94
