# relative_time, cycles_done, cur_item, corpus_count, pending_total, pending_favs, map_size, saved_crashes, saved_hangs, max_depth, execs_per_sec, total_execs, edges_found
61, 0, 1, 24, 24, 2, 25.87%, 0, 0, 2, 205.71, 12443, 89
66, 0, 1, 25, 25, 2, 26.16%, 0, 0, 2, 199.82, 13452, 90
71, 0, 1, 25, 25, 2, 26.16%, 0, 0, 2, 208.39, 14543, 90
76, 0, 1, 26, 26, 2, 26.45%, 0, 0, 2, 220.18, 15707, 91
81, 0, 1, 26, 26, 2, 26.45%, 0, 0, 2, 199.04, 16695, 91
86, 0, 1, 26, 26, 2, 26.45%, 0, 0, 2, 206.50, 17719, 91
92, 0, 1, 26, 26, 2, 26.45%, 0, 0, 2, 214.70, 18835, 91
97, 0, 1, 26, 26, 2, 26.45%, 0, 0, 2, 197.89, 19823, 91
102, 0, 1, 26, 26, 2, 26.45%, 0, 0, 2, 202.48, 20871, 91
107, 0, 1, 27, 27, 2, 26.74%, 0, 0, 2, 189.79, 21887, 92
112, 0, 1, 27, 27, 2, 26.74%, 0, 0, 2, 212.21, 23005, 92
117, 0, 1, 27, 27, 2, 26.74%, 0, 0, 2, 211.05, 24125, 92
122, 0, 1, 27, 27, 2, 26.74%, 0, 0, 2, 199.96, 25149, 92
127, 0, 1, 27, 27, 2, 26.74%, 0, 0, 2, 205.83, 26185, 92
133, 0, 1, 27, 27, 2, 26.74%, 0, 0, 2, 206.89, 27273, 92
138, 0, 1, 27, 27, 2, 26.74%, 0, 0, 2, 205.09, 28337, 92
143, 0, 1, 27, 27, 2, 26.74%, 0, 0, 2, 216.71, 29401, 92
148, 0, 1, 27, 27, 2, 26.74%, 0, 0, 2, 216.46, 30521, 92
153, 0, 1, 27, 27, 2, 26.74%, 0, 0, 2, 199.30, 31566, 92
159, 0, 1, 27, 27, 2, 26.74%, 0, 0, 2, 214.61, 32697, 92
164, 0, 1, 27, 27, 2, 26.74%, 0, 0, 2, 178.93, 33445, 92
169, 0, 24, 27, 26, 24, 26.74%, 0, 0, 2, 149.67, 34163, 92
174, 0, 2, 28, 26, 23, 27.03%, 0, 0, 3, 192.29, 35040, 93
179, 0, 26, 28, 23, 21, 27.03%, 0, 0, 3, 470.77, 37227, 93
184, 0, 25, 28, 20, 18, 27.03%, 0, 0, 3, 545.62, 39065, 93
189, 0, 12, 28, 19, 17, 27.03%, 0, 0, 3, 86.81, 40056, 93
194, 0, 15, 28, 16, 14, 27.03%, 0, 0, 3, 208.59, 41350, 93
200, 0, 0, 28, 15, 13, 27.03%, 0, 0, 3, 264.85, 42542, 93
205, 0, 0, 28, 15, 13, 27.03%, 0, 0, 3, 42.51, 42751, 93
210, 0, 17, 28, 14, 12, 27.03%, 0, 0, 3, 542.78, 44016, 93
215, 0, 21, 28, 13, 11, 27.03%, 0, 0, 3, 122.43, 45053, 93
220, 0, 23, 28, 12, 10, 27.03%, 0, 0, 3, 117.37, 45721, 93
225, 0, 23, 28, 12, 10, 27.03%, 0, 0, 3, 139.46, 46349, 93
230, 0, 9, 28, 10, 8, 27.03%, 0, 0, 3, 255.56, 47589, 93
235, 0, 16, 28, 8, 6, 27.03%, 0, 0, 3, 283.82, 48651, 93
240, 0, 6, 28, 6, 4, 27.03%, 0, 0, 3, 111.41, 50350, 93
245, 0, 22, 28, 5, 3, 27.03%, 0, 0, 3, 175.59, 51403, 93
250, 0, 20, 28, 4, 2, 27.03%, 0, 0, 3, 159.27, 52178, 93
255, 0, 12, 28, 3, 1, 27.03%, 0, 0, 3, 231.71, 53400, 93
260, 0, 19, 28, 3, 1, 27.03%, 0, 0, 3, 69.21, 54244, 93
266, 0, 19, 28, 3, 1, 27.03%, 0, 0, 3, 143.23, 55078, 93
271, 0, 4, 28, 2, 0, 27.03%, 0, 0, 3, 363.24, 56842, 93
276, 1, 21, 28, 2, 0, 27.03%, 0, 0, 3, 294.25, 58369, 93
281, 1, 12, 28, 2, 0, 27.03%, 0, 0, 3, 228.01, 59401, 93
286, 1, 6, 28, 2, 0, 27.03%, 0, 0, 3, 395.79, 61159, 93
291, 1, 6, 28, 2, 0, 27.03%, 0, 0, 3, 217.66, 62065, 93
296, 1, 9, 28, 2, 0, 27.03%, 0, 0, 3, 279.93, 63480, 93
302, 1, 9, 28, 2, 0, 27.03%, 0, 0, 3, 232.63, 64601, 93
307, 1, 9, 28, 2, 0, 27.03%, 0, 0, 3, 69.81, 66328, 93
312, 1, 25, 28, 2, 0, 27.03%, 0, 0, 3, 462.63, 68929, 93
317, 1, 6, 28, 2, 0, 27.03%, 0, 0, 3, 539.00, 72001, 93
322, 1, 6, 28, 2, 0, 27.03%, 0, 0, 3, 166.48, 73159, 93
327, 1, 6, 28, 2, 0, 27.03%, 0, 0, 3, 167.65, 74123, 93
332, 1, 17, 28, 2, 0, 27.03%, 0, 0, 3, 615.00, 76397, 93
337, 1, 21, 29, 3, 0, 27.33%, 0, 0, 3, 414.16, 78464, 94
343, 1, 21, 29, 3, 0, 27.33%, 0, 0, 3, 437.82, 79376, 94
348, 1, 8, 29, 3, 1, 27.33%, 0, 0, 3, 570.26, 82053, 94
353, 1, 26, 29, 2, 0, 27.33%, 0, 0, 3, 175.63, 83273, 94
358, 2, 37, 40, 13, 4, 27.91%, 0, 0, 3, 41.28, 85167, 96
363, 2, 37, 40, 13, 4, 27.91%, 0, 0, 3, 139.95, 85888, 96
368, 2, 33, 40, 12, 3, 27.91%, 0, 0, 3, 41.38, 86948, 96
373, 2, 33, 40, 12, 3, 27.91%, 0, 0, 3, 41.27, 87155, 96
378, 2, 32, 40, 11, 2, 27.91%, 0, 0, 3, 41.51, 87999, 96
383, 2, 32, 40, 11, 2, 27.91%, 0, 0, 3, 152.64, 88589, 96
388, 2, 38, 40, 10, 1, 27.91%, 0, 0, 3, 63.64, 89999, 96
393, 2, 38, 40, 10, 1, 27.91%, 0, 0, 3, 233.69, 90754, 96
398, 2, 16, 40, 9, 0, 27.91%, 0, 0, 3, 545.05, 94028, 96
404, 2, 38, 40, 9, 0, 27.91%, 0, 0, 3, 74.43, 95504, 96
409, 2, 12, 40, 9, 0, 27.91%, 0, 0, 3, 174.78, 96579, 96
414, 2, 9, 40, 9, 0, 27.91%, 0, 0, 3, 244.26, 98154, 96
419, 2, 9, 40, 9, 0, 27.91%, 0, 0, 3, 219.55, 99243, 96
424, 2, 9, 40, 9, 0, 27.91%, 0, 0, 3, 215.89, 100145, 96
429, 2, 9, 40, 9, 0, 27.91%, 0, 0, 3, 125.48, 100559, 96
434, 2, 23, 40, 9, 0, 27.91%, 0, 0, 3, 101.98, 102315, 96
439, 2, 5, 40, 9, 0, 27.91%, 0, 0, 3, 335.92, 103897, 96
444, 2, 15, 40, 9, 0, 27.91%, 0, 0, 3, 57.39, 104639, 96
449, 2, 21, 40, 9, 0, 27.91%, 0, 0, 3, 140.61, 105426, 96
455, 2, 15, 40, 9, 0, 27.91%, 0, 0, 3, 615.89, 107228, 96
460, 2, 21, 40, 9, 0, 27.91%, 0, 0, 3, 385.03, 108163, 96
465, 2, 12, 40, 9, 0, 27.91%, 0, 0, 3, 485.17, 109682, 96
470, 2, 10, 40, 9, 0, 27.91%, 0, 0, 3, 371.75, 111097, 96
475, 2, 12, 40, 9, 0, 27.91%, 0, 0, 3, 80.12, 111999, 96
480, 2, 2, 40, 9, 0, 27.91%, 0, 0, 3, 664.52, 115127, 96
485, 2, 26, 40, 9, 0, 27.91%, 0, 0, 3, 411.21, 117945, 96
490, 3, 10, 40, 9, 0, 27.91%, 0, 0, 3, 624.66, 120921, 96
495, 3, 33, 40, 9, 0, 27.91%, 0, 0, 3, 162.35, 122184, 96
501, 3, 0, 40, 9, 0, 27.91%, 0, 0, 3, 319.32, 124370, 96
506, 3, 0, 40, 9, 0, 27.91%, 0, 0, 3, 179.62, 125030, 96
511, 3, 0, 40, 9, 0, 27.91%, 0, 0, 3, 257.42, 126139, 96
516, 3, 0, 40, 9, 0, 27.91%, 0, 0, 3, 256.39, 127153, 96
521, 3, 0, 40, 9, 0, 27.91%, 0, 0, 3, 110.07, 127478, 96
526, 3, 21, 40, 9, 0, 27.91%, 0, 0, 3, 148.67, 128346, 96
531, 3, 29, 40, 9, 0, 27.91%, 0, 0, 3, 227.96, 129907, 96
536, 3, 29, 40, 9, 0, 27.91%, 0, 0, 3, 163.12, 130632, 96
541, 3, 20, 40, 8, 0, 27.91%, 0, 0, 3, 239.60, 132090, 96
547, 3, 20, 40, 8, 0, 27.91%, 0, 0, 3, 196.43, 133074, 96
552, 3, 20, 40, 8, 0, 27.91%, 0, 0, 3, 153.04, 133991, 96
557, 3, 20, 40, 8, 0, 27.91%, 0, 0, 3, 73.96, 134254, 96
562, 3, 20, 40, 8, 0, 27.91%, 0, 0, 3, 359.62, 135131, 96
567, 3, 20, 40, 8, 0, 27.91%, 0, 0, 3, 295.57, 136336, 96
572, 3, 30, 40, 8, 0, 27.91%, 0, 0, 3, 103.57, 137602, 96
577, 3, 30, 41, 9, 0, 27.91%, 0, 0, 3, 127.85, 138363, 96
582, 3, 32, 41, 8, 0, 27.91%, 0, 0, 3, 187.85, 139423, 96
588, 3, 32, 41, 8, 0, 27.91%, 0, 0, 3, 273.24, 140845, 96
593, 3, 32, 41, 8, 0, 27.91%, 0, 0, 3, 165.76, 141651, 96
598, 3, 32, 41, 8, 0, 27.91%, 0, 0, 3, 157.12, 142688, 96
603, 3, 32, 41, 8, 0, 27.91%, 0, 0, 3, 51.47, 143182, 96
608, 3, 23, 41, 8, 0, 27.91%, 0, 0, 3, 153.80, 144596, 96
613, 3, 20, 41, 8, 0, 27.91%, 0, 0, 3, 193.94, 145628, 96
618, 3, 20, 41, 8, 0, 27.91%, 0, 0, 3, 203.92, 146675, 96
623, 3, 20, 41, 8, 0, 27.91%, 0, 0, 3, 48.91, 147887, 96
628, 3, 20, 41, 8, 0, 27.91%, 0, 0, 3, 73.23, 148860, 96
633, 3, 23, 41, 8, 0, 27.91%, 0, 0, 3, 429.65, 150565, 96
638, 3, 23, 41, 8, 0, 27.91%, 0, 0, 3, 105.40, 151182, 96
643, 3, 21, 41, 8, 0, 27.91%, 0, 0, 3, 400.26, 152289, 96
649, 3, 7, 41, 8, 0, 27.91%, 0, 0, 3, 513.37, 153729, 96
654, 3, 19, 41, 8, 0, 27.91%, 0, 0, 3, 163.66, 154889, 96
659, 3, 19, 41, 8, 0, 27.91%, 0, 0, 3, 189.91, 155912, 96
664, 3, 19, 41, 8, 0, 27.91%, 0, 0, 3, 180.40, 156710, 96
669, 3, 2, 41, 8, 0, 27.91%, 0, 0, 3, 160.04, 157395, 96
674, 3, 12, 41, 8, 0, 27.91%, 0, 0, 3, 479.16, 160134, 96
679, 3, 25, 41, 8, 0, 27.91%, 0, 0, 3, 695.43, 161771, 96
684, 3, 19, 41, 8, 0, 27.91%, 0, 0, 3, 173.79, 163005, 96
690, 3, 19, 41, 8, 0, 27.91%, 0, 0, 3, 118.97, 163675, 96
695, 3, 19, 41, 8, 0, 27.91%, 0, 0, 3, 91.40, 164115, 96
700, 3, 19, 41, 8, 0, 27.91%, 0, 0, 3, 117.11, 164857, 96
705, 3, 19, 41, 8, 0, 27.91%, 0, 0, 3, 131.40, 165704, 96
710, 3, 32, 41, 8, 0, 27.91%, 0, 0, 3, 176.22, 167076, 96
715, 3, 32, 41, 8, 0, 27.91%, 0, 0, 3, 181.13, 167994, 96
720, 3, 32, 41, 8, 0, 27.91%, 0, 0, 3, 152.21, 168810, 96
726, 3, 32, 41, 8, 0, 27.91%, 0, 0, 3, 181.85, 169732, 96
731, 3, 32, 41, 8, 0, 27.91%, 0, 0, 3, 128.87, 170301, 96
736, 3, 32, 41, 8, 0, 27.91%, 0, 0, 3, 479.97, 170863, 96
741, 4, 26, 41, 8, 0, 27.91%, 0, 0, 3, 324.04, 172275, 96
746, 4, 12, 41, 8, 0, 27.91%, 0, 0, 3, 54.22, 173198, 96
751, 4, 22, 41, 8, 0, 27.91%, 0, 0, 3, 228.08, 174286, 96
756, 4, 22, 41, 8, 0, 27.91%, 0, 0, 3, 80.00, 174917, 96
761, 4, 22, 41, 8, 0, 27.91%, 0, 0, 3, 431.11, 175839, 96
767, 4, 21, 41, 8, 0, 27.91%, 0, 0, 3, 434.19, 176924, 96
772, 4, 7, 41, 8, 0, 27.91%, 0, 0, 3, 755.28, 177870, 96
777, 4, 0, 41, 8, 0, 27.91%, 0, 0, 3, 309.05, 180192, 96
782, 4, 0, 41, 8, 0, 27.91%, 0, 0, 3, 175.10, 180864, 96
787, 4, 0, 41, 8, 0, 27.91%, 0, 0, 3, 209.38, 182077, 96
792, 4, 10, 41, 8, 0, 27.91%, 0, 0, 3, 308.98, 183548, 96
797, 4, 34, 41, 8, 0, 27.91%, 0, 0, 3, 244.37, 184852, 96
803, 4, 21, 41, 7, 0, 27.91%, 0, 0, 3, 199.81, 185813, 96
808, 4, 21, 41, 7, 0, 27.91%, 0, 0, 3, 265.29, 187136, 96
813, 4, 11, 41, 7, 0, 27.91%, 0, 0, 3, 352.45, 188609, 96
818, 4, 20, 41, 7, 0, 27.91%, 0, 0, 3, 233.43, 189647, 96
823, 4, 20, 41, 7, 0, 27.91%, 0, 0, 3, 60.96, 190342, 96
828, 4, 20, 41, 7, 0, 27.91%, 0, 0, 3, 81.17, 191313, 96
833, 4, 20, 41, 7, 0, 27.91%, 0, 0, 3, 464.37, 192001, 96
838, 4, 21, 41, 7, 0, 27.91%, 0, 0, 3, 588.23, 195323, 96
844, 4, 21, 41, 7, 0, 27.91%, 0, 0, 3, 102.92, 196021, 96
849, 4, 4, 41, 7, 0, 27.91%, 0, 0, 3, 548.64, 198594, 96
854, 4, 32, 41, 7, 0, 27.91%, 0, 0, 3, 327.65, 200192, 96
859, 4, 32, 41, 7, 0, 27.91%, 0, 0, 3, 224.22, 201197, 96
864, 4, 32, 41, 7, 0, 27.91%, 0, 0, 3, 230.11, 202324, 96
869, 4, 32, 41, 7, 0, 27.91%, 0, 0, 3, 163.78, 203165, 96
874, 4, 21, 41, 7, 0, 27.91%, 0, 0, 3, 175.65, 204047, 96
879, 4, 21, 41, 7, 0, 27.91%, 0, 0, 3, 78.55, 205975, 96
884, 4, 21, 41, 7, 0, 27.91%, 0, 0, 3, 159.54, 206966, 96
889, 4, 21, 41, 7, 0, 27.91%, 0, 0, 3, 213.77, 208294, 96
894, 4, 41, 42, 8, 1, 28.20%, 0, 0, 3, 323.75, 209816, 97
899, 4, 41, 42, 8, 1, 28.20%, 0, 0, 3, 54.95, 211216, 97
905, 4, 32, 42, 7, 0, 28.20%, 0, 0, 3, 500.97, 212576, 97
910, 4, 32, 42, 7, 0, 28.20%, 0, 0, 3, 261.89, 213564, 97
915, 4, 32, 42, 7, 0, 28.20%, 0, 0, 3, 53.49, 214293, 97
920, 4, 32, 42, 7, 0, 28.20%, 0, 0, 3, 655.00, 214904, 97
925, 5, 26, 42, 7, 0, 28.20%, 0, 0, 3, 746.84, 216251, 97
930, 5, 12, 42, 7, 0, 28.20%, 0, 0, 3, 82.93, 217825, 97
935, 5, 10, 42, 7, 0, 28.20%, 0, 0, 3, 650.00, 218418, 97
941, 5, 19, 42, 7, 0, 28.20%, 0, 0, 3, 334.79, 219848, 97
946, 5, 19, 42, 7, 0, 28.20%, 0, 0, 3, 266.12, 221019, 97
951, 5, 19, 42, 7, 0, 28.20%, 0, 0, 3, 101.06, 221660, 97
956, 5, 19, 42, 7, 0, 28.20%, 0, 0, 3, 108.26, 222357, 97
961, 5, 12, 42, 7, 0, 28.20%, 0, 0, 3, 112.16, 224029, 97
966, 5, 7, 42, 7, 0, 28.20%, 0, 0, 3, 69.65, 226223, 97
971, 5, 33, 42, 7, 0, 28.20%, 0, 0, 3, 272.18, 227098, 97
976, 5, 37, 42, 7, 0, 28.20%, 0, 0, 3, 232.30, 227931, 97
981, 5, 21, 42, 7, 0, 28.20%, 0, 0, 3, 172.91, 228745, 97
987, 5, 23, 42, 7, 0, 28.20%, 0, 0, 3, 226.93, 229833, 97
992, 5, 33, 42, 7, 0, 28.20%, 0, 0, 3, 311.74, 231330, 97
997, 5, 10, 42, 7, 0, 28.20%, 0, 0, 3, 509.06, 233426, 97
1002, 5, 6, 42, 7, 0, 28.20%, 0, 0, 3, 91.06, 234431, 97
1007, 5, 10, 42, 7, 0, 28.20%, 0, 0, 3, 243.54, 235651, 97
1012, 5, 15, 42, 7, 0, 28.20%, 0, 0, 3, 285.17, 237543, 97
1017, 5, 15, 42, 7, 0, 28.20%, 0, 0, 3, 59.01, 238437, 97
1022, 5, 26, 42, 7, 0, 28.20%, 0, 0, 3, 59.09, 239949, 97
1028, 5, 37, 42, 7, 0, 28.20%, 0, 0, 3, 230.77, 240927, 97
1033, 5, 10, 42, 7, 0, 28.20%, 0, 0, 3, 472.59, 242864, 97
1038, 5, 19, 42, 7, 0, 28.20%, 0, 0, 3, 279.47, 244183, 97
1043, 5, 19, 42, 7, 0, 28.20%, 0, 0, 3, 271.98, 245541, 97
1048, 5, 19, 42, 7, 0, 28.20%, 0, 0, 3, 234.69, 246544, 97
1053, 5, 6, 42, 7, 0, 28.20%, 0, 0, 3, 153.26, 247823, 97
1058, 6, 23, 42, 7, 0, 28.20%, 0, 0, 3, 189.34, 248823, 97
1063, 6, 21, 42, 7, 0, 28.20%, 0, 0, 3, 159.88, 249609, 97
1068, 6, 6, 42, 7, 0, 28.20%, 0, 0, 3, 280.17, 251067, 97
1074, 6, 23, 42, 7, 0, 28.20%, 0, 0, 3, 437.40, 253095, 97
1079, 6, 21, 42, 7, 0, 28.20%, 0, 0, 3, 315.11, 254124, 97
1084, 6, 16, 42, 7, 0, 28.20%, 0, 0, 3, 738.61, 255045, 97
1089, 6, 26, 42, 7, 0, 28.20%, 0, 0, 3, 324.12, 256455, 97
1094, 6, 20, 42, 7, 0, 28.20%, 0, 0, 3, 420.77, 258786, 97
1099, 6, 20, 42, 7, 0, 28.20%, 0, 0, 3, 214.39, 259647, 97
1104, 6, 20, 42, 7, 0, 28.20%, 0, 0, 3, 164.06, 260479, 97
1109, 6, 20, 42, 7, 0, 28.20%, 0, 0, 3, 118.00, 261079, 97
1114, 6, 20, 42, 7, 0, 28.20%, 0, 0, 3, 168.64, 262020, 97
1119, 6, 20, 42, 7, 0, 28.20%, 0, 0, 3, 158.15, 262848, 97
1124, 6, 41, 42, 7, 0, 28.20%, 0, 0, 3, 209.86, 263743, 97
1130, 6, 26, 42, 7, 0, 28.20%, 0, 0, 3, 46.82, 264952, 97
1135, 6, 20, 42, 7, 0, 28.20%, 0, 0, 3, 241.06, 266036, 97
1140, 6, 20, 42, 7, 0, 28.20%, 0, 0, 3, 127.49, 266566, 97
1145, 6, 20, 42, 7, 0, 28.20%, 0, 0, 3, 186.07, 267427, 97
1150, 6, 20, 43, 8, 0, 28.49%, 0, 0, 3, 191.35, 268474, 98
1155, 6, 20, 43, 8, 0, 28.49%, 0, 0, 3, 282.43, 269781, 98
1160, 6, 20, 43, 8, 0, 28.49%, 0, 0, 3, 152.37, 270485, 98
1165, 6, 42, 43, 8, 1, 28.49%, 0, 0, 3, 133.69, 271076, 98
1170, 6, 42, 43, 8, 1, 28.49%, 0, 0, 3, 180.28, 271949, 98
1176, 6, 42, 43, 8, 1, 28.49%, 0, 0, 3, 115.13, 272511, 98
1181, 6, 42, 43, 8, 1, 28.49%, 0, 0, 3, 130.31, 273169, 98
1186, 6, 42, 43, 7, 0, 28.49%, 0, 0, 3, 208.08, 274507, 98
1191, 6, 42, 43, 7, 0, 28.49%, 0, 0, 3, 203.19, 275540, 98
1196, 6, 42, 43, 7, 0, 28.49%, 0, 0, 3, 169.08, 276417, 98
1201, 6, 42, 43, 7, 0, 28.49%, 0, 0, 3, 80.33, 276704, 98
1206, 6, 42, 43, 7, 0, 28.49%, 0, 0, 3, 97.39, 277200, 98
1211, 6, 42, 43, 7, 0, 28.49%, 0, 0, 3, 110.20, 278026, 98
1217, 6, 42, 43, 7, 0, 28.49%, 0, 0, 3, 128.00, 278552, 98
1222, 6, 42, 43, 7, 0, 28.49%, 0, 0, 3, 176.98, 279648, 98
1227, 6, 42, 43, 7, 0, 28.49%, 0, 0, 3, 100.29, 280112, 98
1232, 6, 37, 43, 7, 0, 28.49%, 0, 0, 3, 487.75, 281369, 98
1237, 6, 26, 43, 7, 0, 28.49%, 0, 0, 3, 371.53, 283241, 98
1242, 6, 20, 43, 7, 0, 28.49%, 0, 0, 3, 157.27, 284374, 98
1247, 6, 20, 43, 7, 0, 28.49%, 0, 0, 3, 254.73, 285778, 98
1252, 6, 11, 43, 7, 0, 28.49%, 0, 0, 3, 432.32, 287654, 98
1257, 6, 7, 43, 7, 0, 28.49%, 0, 0, 3, 87.60, 289911, 98
1263, 6, 26, 43, 7, 0, 28.49%, 0, 0, 3, 47.73, 291371, 98
1268, 6, 21, 43, 7, 0, 28.49%, 0, 0, 3, 94.08, 292313, 98
1273, 6, 7, 43, 7, 0, 28.49%, 0, 0, 3, 200.20, 293408, 98
1278, 6, 42, 43, 7, 0, 28.49%, 0, 0, 3, 379.04, 294750, 98
1283, 6, 42, 43, 7, 0, 28.49%, 0, 0, 3, 238.61, 295719, 98
1288, 6, 42, 43, 7, 0, 28.49%, 0, 0, 3, 302.46, 297100, 98
1293, 6, 42, 43, 7, 0, 28.49%, 0, 0, 3, 230.66, 298041, 98
1299, 6, 42, 43, 7, 0, 28.49%, 0, 0, 3, 106.41, 298407, 98
1304, 6, 42, 43, 7, 0, 28.49%, 0, 0, 3, 101.12, 298855, 98
1309, 6, 42, 43, 7, 0, 28.49%, 0, 0, 3, 248.33, 300359, 98
1314, 6, 41, 43, 7, 0, 28.49%, 0, 0, 3, 203.45, 301282, 98
1319, 6, 21, 43, 7, 0, 28.49%, 0, 0, 3, 442.13, 302774, 98
1324, 6, 32, 43, 7, 0, 28.49%, 0, 0, 3, 154.70, 303656, 98
1329, 6, 32, 43, 7, 0, 28.49%, 0, 0, 3, 213.95, 304778, 98
1334, 6, 32, 43, 7, 0, 28.49%, 0, 0, 3, 163.35, 305693, 98
1340, 6, 32, 43, 7, 0, 28.49%, 0, 0, 3, 108.36, 306196, 98
1345, 7, 26, 43, 7, 0, 28.49%, 0, 0, 3, 417.87, 308448, 98
1350, 7, 12, 43, 7, 0, 28.49%, 0, 0, 3, 514.98, 310430, 98
1355, 7, 12, 43, 7, 0, 28.49%, 0, 0, 3, 94.77, 311142, 98
1360, 7, 37, 43, 7, 0, 28.49%, 0, 0, 3, 458.09, 313500, 98
1365, 7, 41, 43, 7, 0, 28.49%, 0, 0, 3, 392.55, 314580, 98
1370, 7, 7, 43, 7, 0, 28.49%, 0, 0, 3, 415.11, 316437, 98
1375, 7, 21, 43, 7, 0, 28.49%, 0, 0, 3, 76.39, 318057, 98
1380, 7, 22, 43, 7, 0, 28.49%, 0, 0, 3, 175.25, 319132, 98
1385, 7, 22, 43, 7, 0, 28.49%, 0, 0, 3, 283.18, 320755, 98
1391, 7, 33, 43, 7, 0, 28.49%, 0, 0, 3, 194.01, 321470, 98
1396, 7, 19, 43, 7, 0, 28.49%, 0, 0, 3, 208.10, 322624, 98
1401, 7, 19, 43, 7, 0, 28.49%, 0, 0, 3, 173.58, 323531, 98
1406, 7, 19, 43, 7, 0, 28.49%, 0, 0, 3, 143.08, 324120, 98
1411, 7, 19, 43, 7, 0, 28.49%, 0, 0, 3, 179.43, 325205, 98
1416, 7, 41, 43, 7, 0, 28.49%, 0, 0, 3, 226.98, 326184, 98
1421, 7, 42, 43, 7, 0, 28.49%, 0, 0, 3, 218.43, 327180, 98
1427, 7, 42, 43, 7, 0, 28.49%, 0, 0, 3, 212.16, 328268, 98
1432, 7, 42, 43, 7, 0, 28.49%, 0, 0, 3, 158.42, 329075, 98
1437, 7, 42, 43, 7, 0, 28.49%, 0, 0, 3, 253.71, 330674, 98
1442, 7, 42, 43, 7, 0, 28.49%, 0, 0, 3, 49.27, 331414, 98
1447, 7, 42, 43, 7, 0, 28.49%, 0, 0, 3, 89.13, 331856, 98
1452, 7, 42, 43, 7, 0, 28.49%, 0, 0, 3, 106.05, 332806, 98
1457, 7, 8, 43, 7, 0, 28.49%, 0, 0, 3, 735.76, 334446, 98
1462, 7, 32, 43, 7, 0, 28.49%, 0, 0, 3, 436.35, 336406, 98
1467, 7, 32, 43, 7, 0, 28.49%, 0, 0, 3, 256.61, 337437, 98
1472, 7, 32, 43, 7, 0, 28.49%, 0, 0, 3, 45.13, 338095, 98
1477, 7, 32, 43, 7, 0, 28.49%, 0, 0, 3, 49.24, 338782, 98
1483, 7, 32, 43, 7, 0, 28.49%, 0, 0, 3, 72.16, 339136, 98
1488, 7, 32, 43, 7, 0, 28.49%, 0, 0, 3, 346.41, 339727, 98
1493, 7, 9, 43, 7, 0, 28.49%, 0, 0, 3, 295.49, 341454, 98
1498, 7, 9, 43, 7, 0, 28.49%, 0, 0, 3, 173.62, 342270, 98
1503, 7, 9, 43, 7, 0, 28.49%, 0, 0, 3, 155.89, 343209, 98
1508, 7, 32, 43, 7, 0, 28.49%, 0, 0, 3, 252.57, 344535, 98
1513, 7, 32, 43, 7, 0, 28.49%, 0, 0, 3, 208.68, 345608, 98
1519, 7, 32, 43, 7, 0, 28.49%, 0, 0, 3, 140.44, 346161, 98
1524, 7, 32, 43, 7, 0, 28.49%, 0, 0, 3, 94.64, 347026, 98
1529, 7, 32, 43, 7, 0, 28.49%, 0, 0, 3, 519.39, 348038, 98
1534, 7, 19, 43, 7, 0, 28.49%, 0, 0, 3, 268.53, 349053, 98
1539, 7, 19, 43, 7, 0, 28.49%, 0, 0, 3, 278.18, 350446, 98
1544, 7, 19, 43, 7, 0, 28.49%, 0, 0, 3, 256.49, 351445, 98
1549, 7, 23, 43, 7, 0, 28.49%, 0, 0, 3, 388.41, 352430, 98
1554, 7, 41, 43, 7, 0, 28.49%, 0, 0, 3, 74.73, 353272, 98
1559, 7, 20, 43, 7, 0, 28.49%, 0, 0, 3, 174.02, 354345, 98
1565, 7, 20, 43, 7, 0, 28.49%, 0, 0, 3, 50.86, 355214, 98
1570, 7, 7, 43, 7, 0, 28.49%, 0, 0, 3, 688.32, 356836, 98
1575, 8, 23, 43, 7, 0, 28.49%, 0, 0, 3, 114.29, 358400, 98
1580, 8, 23, 43, 7, 0, 28.49%, 0, 0, 3, 146.55, 359159, 98
1585, 8, 15, 43, 7, 0, 28.49%, 0, 0, 3, 245.87, 360587, 98
1590, 8, 9, 43, 7, 0, 28.49%, 0, 0, 3, 221.84, 361619, 98
1595, 8, 9, 43, 7, 0, 28.49%, 0, 0, 3, 253.60, 362901, 98
1600, 8, 9, 43, 7, 0, 28.49%, 0, 0, 3, 276.12, 363961, 98
1605, 8, 20, 43, 7, 0, 28.49%, 0, 0, 3, 293.56, 365018, 98
1610, 8, 20, 43, 7, 0, 28.49%, 0, 0, 3, 447.09, 366070, 98
1615, 8, 26, 43, 7, 0, 28.49%, 0, 0, 3, 493.43, 368354, 98
1621, 8, 37, 43, 7, 0, 28.49%, 0, 0, 3, 383.20, 370390, 98
1626, 8, 15, 43, 7, 0, 28.49%, 0, 0, 3, 185.46, 371164, 98
1631, 8, 41, 43, 7, 0, 28.49%, 0, 0, 3, 289.12, 372682, 98
1636, 8, 21, 43, 7, 0, 28.49%, 0, 0, 3, 419.13, 375296, 98
1641, 8, 42, 43, 7, 0, 28.49%, 0, 0, 3, 155.39, 376121, 98
1646, 8, 42, 43, 7, 0, 28.49%, 0, 0, 3, 225.15, 377323, 98
1651, 8, 42, 43, 7, 0, 28.49%, 0, 0, 3, 290.93, 378779, 98
1657, 8, 42, 43, 7, 0, 28.49%, 0, 0, 3, 146.60, 379412, 98
1662, 8, 42, 43, 7, 0, 28.49%, 0, 0, 3, 169.70, 380333, 98
1663, 8, 42, 43, 7, 0, 28.49%, 0, 0, 3, 254.11, 380876, 98
