# relative_time, cycles_done, cur_item, corpus_count, pending_total, pending_favs, map_size, saved_crashes, saved_hangs, max_depth, execs_per_sec, total_execs, edges_found
61, 0, 1, 24, 24, 2, 25.83%, 0, 0, 2, 82.57, 5400, 86
66, 0, 1, 24, 24, 2, 25.83%, 0, 0, 2, 93.72, 5872, 86
71, 0, 1, 24, 24, 2, 25.83%, 0, 0, 2, 86.35, 6311, 86
76, 0, 1, 24, 24, 2, 25.83%, 0, 0, 2, 85.36, 6748, 86
81, 0, 1, 24, 24, 2, 25.83%, 0, 0, 2, 86.97, 7177, 86
86, 0, 1, 24, 24, 2, 25.83%, 1, 0, 2, 89.04, 7628, 86
92, 0, 1, 24, 24, 2, 25.83%, 1, 0, 2, 88.70, 8101, 86
97, 0, 1, 25, 25, 2, 26.13%, 1, 0, 2, 86.46, 8517, 87
102, 0, 1, 25, 25, 2, 26.13%, 1, 0, 2, 94.23, 9020, 87
107, 0, 1, 25, 25, 2, 26.13%, 1, 0, 2, 90.87, 9467, 87
112, 0, 1, 25, 25, 2, 26.13%, 1, 0, 2, 92.41, 9953, 87
117, 0, 1, 25, 25, 2, 26.13%, 1, 0, 2, 93.14, 10427, 87
122, 0, 1, 25, 25, 2, 26.13%, 1, 0, 2, 98.77, 10925, 87
127, 0, 1, 25, 25, 2, 26.13%, 1, 0, 2, 94.98, 11412, 87
133, 0, 1, 25, 25, 2, 26.13%, 1, 0, 2, 92.04, 11888, 87
138, 0, 1, 25, 25, 2, 26.13%, 1, 0, 2, 88.19, 12323, 87
143, 0, 1, 25, 25, 2, 26.13%, 1, 0, 2, 87.02, 12749, 87
148, 0, 1, 25, 25, 2, 26.13%, 1, 0, 2, 88.86, 13227, 87
153, 0, 1, 25, 25, 2, 26.13%, 1, 0, 2, 94.24, 13706, 87
158, 0, 1, 25, 25, 2, 26.13%, 1, 0, 2, 94.09, 14193, 87
163, 0, 1, 25, 25, 2, 26.13%, 1, 0, 2, 89.58, 14650, 87
168, 0, 1, 26, 26, 2, 26.13%, 1, 0, 2, 76.43, 15019, 87
174, 0, 1, 26, 26, 2, 26.13%, 1, 0, 2, 88.10, 15503, 87
179, 0, 1, 26, 26, 2, 26.13%, 1, 0, 2, 86.32, 15936, 87
184, 0, 1, 26, 26, 2, 26.13%, 2, 0, 2, 97.94, 16435, 87
189, 0, 1, 26, 26, 2, 26.13%, 2, 0, 2, 93.61, 16930, 87
194, 0, 1, 26, 26, 2, 26.13%, 2, 0, 2, 97.91, 17422, 87
199, 0, 1, 26, 26, 2, 26.13%, 2, 0, 2, 93.66, 17891, 87
204, 0, 1, 26, 26, 2, 26.13%, 2, 0, 2, 86.60, 18342, 87
209, 0, 1, 26, 26, 2, 26.13%, 2, 0, 2, 77.18, 18732, 87
214, 0, 1, 26, 26, 2, 26.13%, 2, 0, 2, 84.83, 19169, 87
220, 0, 1, 26, 26, 2, 26.13%, 2, 0, 2, 85.36, 19600, 87
225, 0, 1, 26, 26, 2, 26.13%, 2, 0, 2, 87.79, 20053, 87
230, 0, 1, 26, 26, 2, 26.13%, 2, 0, 2, 76.41, 20407, 87
235, 0, 1, 26, 26, 2, 26.13%, 2, 0, 2, 8.49, 20723, 87
240, 0, 1, 26, 26, 2, 26.13%, 2, 0, 2, 53.09, 20973, 87
245, 0, 1, 26, 26, 2, 26.13%, 2, 0, 2, 72.23, 21372, 87
251, 0, 1, 26, 26, 2, 26.13%, 2, 0, 2, 68.84, 21717, 87
256, 0, 1, 26, 26, 2, 26.13%, 2, 0, 2, 77.75, 22106, 87
261, 0, 1, 26, 26, 2, 26.13%, 2, 0, 2, 77.70, 22504, 87
266, 0, 1, 26, 26, 2, 26.13%, 2, 0, 2, 74.70, 22871, 87
271, 0, 1, 26, 26, 2, 26.13%, 2, 0, 2, 73.81, 23244, 87
276, 0, 1, 26, 26, 2, 26.13%, 2, 0, 2, 78.83, 23649, 87
281, 0, 1, 26, 26, 2, 26.13%, 2, 0, 2, 75.29, 24026, 87
286, 0, 1, 26, 26, 2, 26.13%, 2, 0, 2, 71.95, 24374, 87
291, 0, 1, 26, 26, 2, 26.13%, 2, 0, 2, 76.53, 24747, 87
296, 0, 1, 26, 26, 2, 26.13%, 2, 0, 2, 73.22, 25126, 87
302, 0, 1, 26, 26, 2, 26.13%, 2, 0, 2, 82.22, 25542, 87
307, 0, 1, 26, 26, 2, 26.13%, 2, 0, 2, 72.23, 25880, 87
312, 0, 1, 26, 26, 2, 26.13%, 2, 0, 2, 71.06, 26231, 87
317, 0, 1, 26, 26, 2, 26.13%, 2, 0, 2, 77.03, 26638, 87
322, 0, 1, 26, 26, 2, 26.13%, 2, 0, 2, 72.82, 27018, 87
327, 0, 1, 26, 26, 2, 26.13%, 2, 0, 2, 66.53, 27358, 87
333, 0, 1, 26, 26, 2, 26.13%, 2, 0, 2, 75.24, 27761, 87
338, 0, 1, 26, 26, 2, 26.13%, 2, 0, 2, 69.83, 28110, 87
343, 0, 1, 26, 26, 2, 26.13%, 2, 0, 2, 72.77, 28495, 87
348, 0, 1, 27, 27, 2, 26.43%, 2, 0, 2, 71.05, 28866, 88
353, 0, 1, 27, 27, 2, 26.43%, 2, 0, 2, 75.36, 29255, 88
358, 0, 1, 27, 27, 2, 26.43%, 2, 0, 2, 71.45, 29629, 88
363, 0, 1, 27, 27, 2, 26.43%, 2, 0, 2, 73.93, 29992, 88
368, 0, 1, 27, 27, 2, 26.43%, 2, 0, 2, 74.98, 30363, 88
374, 0, 1, 27, 27, 2, 26.43%, 2, 0, 2, 75.59, 30763, 88
379, 0, 1, 27, 27, 2, 26.43%, 2, 0, 2, 75.16, 31152, 88
384, 0, 1, 27, 27, 2, 26.43%, 2, 0, 2, 74.02, 31522, 88
389, 0, 1, 27, 27, 2, 26.43%, 2, 0, 2, 70.52, 31887, 88
394, 0, 1, 27, 27, 2, 26.43%, 2, 0, 2, 68.42, 32231, 88
399, 0, 1, 27, 27, 2, 26.43%, 2, 0, 2, 70.74, 32618, 88
404, 0, 1, 27, 27, 2, 26.43%, 2, 0, 2, 71.95, 32969, 88
409, 0, 1, 27, 27, 2, 26.43%, 2, 0, 2, 66.02, 33321, 88
414, 0, 22, 27, 26, 21, 26.43%, 2, 0, 2, 68.75, 33690, 88
420, 0, 22, 27, 26, 21, 26.43%, 2, 0, 2, 58.09, 33935, 88
425, 0, 22, 27, 26, 21, 26.43%, 2, 0, 2, 59.52, 34270, 88
430, 0, 22, 27, 26, 21, 26.43%, 2, 0, 2, 59.32, 34569, 88
435, 0, 12, 28, 26, 20, 26.73%, 2, 0, 3, 94.53, 35065, 89
440, 0, 12, 28, 26, 20, 26.73%, 2, 0, 3, 81.97, 35547, 89
445, 0, 5, 28, 25, 20, 26.73%, 2, 0, 3, 122.43, 36228, 89
450, 0, 10, 28, 24, 19, 26.73%, 2, 0, 3, 20.67, 36577, 89
455, 0, 10, 28, 24, 19, 26.73%, 2, 0, 3, 65.43, 36965, 89
460, 0, 10, 28, 24, 19, 26.73%, 2, 0, 3, 80.52, 37389, 89
465, 0, 19, 28, 23, 18, 26.73%, 2, 0, 3, 76.25, 37725, 89
470, 0, 19, 28, 23, 18, 26.73%, 2, 0, 3, 62.42, 37973, 89
476, 0, 19, 28, 23, 18, 26.73%, 2, 0, 3, 59.59, 38287, 89
481, 0, 19, 28, 23, 18, 26.73%, 2, 0, 3, 53.03, 38570, 89
486, 0, 17, 28, 22, 17, 26.73%, 2, 0, 3, 84.50, 38994, 89
491, 0, 17, 28, 22, 17, 26.73%, 2, 0, 3, 124.86, 39674, 89
496, 0, 11, 28, 21, 16, 26.73%, 2, 0, 3, 127.53, 40331, 89
501, 0, 0, 28, 20, 15, 26.73%, 2, 0, 3, 21.97, 40755, 89
506, 0, 0, 28, 20, 15, 26.73%, 2, 0, 3, 20.58, 40861, 89
511, 0, 0, 28, 20, 15, 26.73%, 2, 0, 3, 19.95, 40962, 89
516, 0, 0, 29, 21, 15, 26.73%, 2, 0, 3, 44.05, 41222, 89
522, 0, 0, 29, 21, 15, 26.73%, 2, 0, 3, 47.01, 41475, 89
527, 0, 0, 29, 21, 15, 26.73%, 2, 0, 3, 67.85, 41820, 89
532, 0, 0, 29, 21, 15, 26.73%, 2, 0, 3, 98.38, 42366, 89
537, 0, 8, 29, 20, 14, 26.73%, 2, 0, 3, 89.70, 42835, 89
542, 0, 8, 29, 20, 14, 26.73%, 2, 0, 3, 82.81, 43256, 89
547, 0, 26, 29, 19, 13, 26.73%, 2, 0, 3, 42.49, 43449, 89
552, 0, 26, 29, 19, 13, 26.73%, 2, 0, 3, 65.77, 43809, 89
557, 0, 26, 29, 19, 13, 26.73%, 2, 0, 3, 69.40, 44187, 89
562, 0, 2, 29, 17, 11, 26.73%, 2, 0, 3, 108.70, 44804, 89
568, 0, 2, 29, 17, 11, 26.73%, 2, 0, 3, 62.65, 45032, 89
573, 0, 2, 29, 17, 11, 26.73%, 2, 0, 3, 84.15, 45484, 89
578, 0, 2, 29, 17, 11, 26.73%, 2, 0, 3, 82.45, 45874, 89
583, 0, 23, 29, 16, 10, 26.73%, 2, 0, 3, 48.50, 46114, 89
588, 0, 23, 29, 16, 10, 26.73%, 2, 0, 3, 57.24, 46403, 89
593, 0, 23, 29, 16, 10, 26.73%, 2, 0, 3, 53.42, 46683, 89
598, 0, 23, 29, 16, 10, 26.73%, 2, 0, 3, 52.56, 46953, 89
603, 0, 23, 29, 16, 10, 26.73%, 2, 0, 3, 33.11, 47090, 89
609, 0, 18, 29, 15, 9, 26.73%, 2, 0, 3, 59.90, 47371, 89
614, 0, 18, 29, 15, 9, 26.73%, 2, 0, 3, 88.99, 47858, 89
619, 0, 14, 29, 13, 7, 26.73%, 2, 0, 3, 111.11, 48465, 89
624, 0, 13, 29, 12, 6, 26.73%, 2, 0, 3, 120.24, 49088, 89
629, 0, 27, 29, 11, 5, 26.73%, 2, 0, 3, 133.42, 49767, 89
634, 0, 15, 29, 10, 4, 26.73%, 2, 0, 3, 131.14, 50432, 89
639, 0, 24, 29, 9, 3, 26.73%, 2, 0, 3, 20.13, 50892, 89
644, 0, 16, 29, 8, 2, 26.73%, 2, 0, 3, 87.75, 51394, 89
649, 0, 16, 29, 8, 2, 26.73%, 2, 0, 3, 105.76, 51950, 89
654, 0, 7, 29, 7, 1, 26.73%, 2, 0, 3, 117.69, 52540, 89
659, 0, 18, 29, 6, 0, 26.73%, 2, 0, 3, 101.08, 53061, 89
665, 0, 22, 29, 6, 0, 26.73%, 2, 0, 3, 86.96, 53466, 89
670, 0, 22, 29, 6, 0, 26.73%, 2, 0, 3, 76.00, 53833, 89
675, 0, 22, 29, 6, 0, 26.73%, 2, 0, 3, 71.45, 54195, 89
680, 0, 22, 29, 6, 0, 26.73%, 2, 0, 3, 72.42, 54559, 89
685, 0, 22, 29, 6, 0, 26.73%, 2, 0, 3, 73.71, 54946, 89
690, 0, 22, 29, 6, 0, 26.73%, 2, 0, 3, 61.93, 55278, 89
695, 0, 22, 29, 6, 0, 26.73%, 2, 0, 3, 72.22, 55582, 89
700, 0, 22, 29, 6, 0, 26.73%, 2, 0, 3, 105.47, 56129, 89
705, 0, 22, 29, 6, 0, 26.73%, 2, 0, 3, 70.69, 56480, 89
711, 0, 22, 29, 6, 0, 26.73%, 2, 0, 3, 76.48, 56827, 89
716, 0, 22, 29, 6, 0, 26.73%, 2, 0, 3, 75.94, 57294, 89
721, 0, 22, 29, 6, 0, 26.73%, 2, 0, 3, 94.90, 57705, 89
726, 0, 22, 29, 6, 0, 26.73%, 2, 0, 3, 127.63, 58391, 89
731, 0, 11, 29, 6, 0, 26.73%, 2, 0, 3, 135.41, 59082, 89
736, 0, 26, 29, 6, 0, 26.73%, 2, 0, 3, 88.22, 59518, 89
741, 0, 26, 29, 6, 0, 26.73%, 2, 0, 3, 65.81, 59871, 89
746, 0, 8, 29, 6, 0, 26.73%, 2, 0, 3, 74.50, 60284, 89
751, 0, 8, 29, 6, 0, 26.73%, 2, 0, 3, 69.32, 60642, 89
757, 0, 8, 29, 6, 0, 26.73%, 2, 0, 3, 65.81, 60952, 89
762, 0, 11, 29, 6, 0, 26.73%, 2, 0, 3, 111.18, 61569, 89
767, 0, 15, 29, 6, 0, 26.73%, 2, 0, 3, 120.26, 62190, 89
772, 0, 12, 29, 6, 0, 26.73%, 2, 0, 3, 124.86, 62848, 89
777, 0, 12, 29, 6, 0, 26.73%, 2, 0, 3, 104.12, 63325, 89
782, 1, 12, 29, 6, 0, 26.73%, 2, 0, 3, 96.80, 63862, 89
787, 1, 8, 29, 6, 0, 26.73%, 2, 0, 3, 79.39, 64269, 89
792, 1, 8, 29, 6, 0, 26.73%, 2, 0, 3, 78.32, 64687, 89
798, 1, 8, 29, 6, 0, 26.73%, 2, 0, 3, 54.73, 64971, 89
803, 1, 12, 29, 6, 0, 26.73%, 2, 0, 3, 88.60, 65416, 89
808, 1, 12, 29, 6, 0, 26.73%, 2, 0, 3, 94.59, 65907, 89
813, 1, 12, 29, 6, 0, 26.73%, 2, 0, 3, 107.53, 66466, 89
818, 1, 5, 29, 6, 0, 26.73%, 2, 0, 3, 115.03, 67010, 89
823, 1, 14, 29, 6, 0, 26.73%, 2, 0, 3, 137.16, 67733, 89
828, 1, 3, 29, 6, 0, 26.73%, 2, 0, 3, 141.41, 68438, 89
833, 1, 10, 29, 6, 0, 26.73%, 2, 0, 3, 101.67, 68948, 89
839, 1, 10, 29, 6, 0, 26.73%, 2, 0, 3, 54.02, 69196, 89
844, 1, 10, 29, 6, 0, 26.73%, 2, 0, 3, 38.38, 69383, 89
849, 1, 10, 29, 6, 0, 26.73%, 2, 0, 3, 41.53, 69595, 89
854, 1, 10, 29, 6, 0, 26.73%, 2, 0, 3, 50.86, 69871, 89
859, 1, 18, 29, 6, 0, 26.73%, 2, 0, 3, 88.15, 70376, 89
864, 1, 18, 29, 6, 0, 26.73%, 2, 0, 3, 77.64, 70700, 89
869, 1, 5, 29, 6, 0, 26.73%, 2, 0, 3, 106.88, 71190, 89
874, 1, 9, 29, 6, 0, 26.73%, 2, 0, 3, 129.67, 71875, 89
879, 1, 12, 29, 6, 0, 26.73%, 2, 0, 3, 120.93, 72461, 89
885, 1, 12, 29, 6, 0, 26.73%, 2, 0, 3, 117.52, 73067, 89
890, 1, 24, 29, 6, 0, 26.73%, 2, 0, 3, 116.72, 73646, 89
895, 1, 24, 29, 6, 0, 26.73%, 2, 0, 3, 122.65, 74253, 89
900, 1, 23, 29, 6, 0, 26.73%, 2, 0, 3, 81.85, 74611, 89
905, 1, 23, 29, 6, 0, 26.73%, 2, 0, 3, 74.88, 74990, 89
910, 1, 23, 29, 6, 0, 26.73%, 2, 0, 3, 85.46, 75391, 89
915, 1, 18, 29, 6, 0, 26.73%, 2, 0, 3, 94.13, 75849, 89
920, 1, 27, 29, 6, 0, 26.73%, 2, 0, 3, 115.46, 76455, 89
925, 1, 12, 29, 6, 0, 26.73%, 2, 0, 3, 94.98, 76976, 89
931, 1, 17, 29, 6, 0, 26.73%, 2, 0, 3, 103.62, 77521, 89
936, 1, 17, 29, 6, 0, 26.73%, 2, 0, 3, 114.96, 78112, 89
941, 1, 12, 29, 6, 0, 26.73%, 2, 0, 3, 129.84, 78778, 89
946, 1, 0, 29, 6, 0, 26.73%, 2, 0, 3, 87.53, 79234, 89
951, 1, 0, 29, 6, 0, 26.73%, 2, 0, 3, 68.10, 79542, 89
956, 1, 0, 29, 6, 0, 26.73%, 2, 0, 3, 59.63, 79830, 89
961, 1, 0, 29, 6, 0, 26.73%, 2, 0, 3, 56.61, 80109, 89
966, 1, 0, 29, 6, 0, 26.73%, 2, 0, 3, 51.15, 80372, 89
971, 1, 0, 29, 6, 0, 26.73%, 2, 0, 3, 49.26, 80621, 89
976, 1, 0, 29, 6, 0, 26.73%, 2, 0, 3, 60.03, 80910, 89
982, 1, 0, 29, 6, 0, 26.73%, 2, 0, 3, 103.24, 81496, 89
987, 1, 0, 29, 6, 0, 26.73%, 2, 0, 3, 105.96, 82036, 89
992, 1, 0, 29, 6, 0, 26.73%, 2, 0, 3, 119.65, 82660, 89
997, 1, 0, 29, 6, 0, 26.73%, 2, 0, 3, 113.98, 83214, 89
1002, 1, 0, 29, 6, 0, 26.73%, 2, 0, 3, 115.09, 83834, 89
1007, 1, 12, 29, 6, 0, 26.73%, 2, 0, 3, 121.80, 84448, 89
1012, 1, 23, 29, 6, 0, 26.73%, 2, 0, 3, 109.51, 85025, 89
1017, 1, 23, 29, 6, 0, 26.73%, 2, 0, 3, 84.14, 85407, 89
1023, 1, 23, 29, 6, 0, 26.73%, 2, 0, 3, 63.00, 85684, 89
1028, 1, 23, 29, 6, 0, 26.73%, 2, 0, 3, 69.79, 86018, 89
1033, 1, 12, 29, 6, 0, 26.73%, 2, 0, 3, 114.41, 86651, 89
1038, 1, 0, 29, 6, 0, 26.73%, 2, 0, 3, 106.59, 87182, 89
1043, 1, 0, 29, 6, 0, 26.73%, 2, 0, 3, 65.31, 87462, 89
1048, 1, 0, 29, 6, 0, 26.73%, 2, 0, 3, 54.55, 87733, 89
1053, 1, 0, 29, 6, 0, 26.73%, 2, 0, 3, 60.78, 88048, 89
1058, 1, 0, 29, 6, 0, 26.73%, 2, 0, 3, 57.24, 88342, 89
1063, 1, 0, 29, 6, 0, 26.73%, 2, 0, 3, 59.39, 88636, 89
1068, 1, 0, 29, 6, 0, 26.73%, 2, 0, 3, 57.35, 88929, 89
1074, 1, 0, 29, 6, 0, 26.73%, 2, 0, 3, 117.44, 89574, 89
1079, 1, 0, 29, 6, 0, 26.73%, 2, 0, 3, 128.08, 90242, 89
1084, 1, 0, 29, 6, 0, 26.73%, 2, 0, 3, 130.44, 90910, 89
1089, 1, 0, 29, 6, 0, 26.73%, 2, 0, 3, 58.32, 91094, 89
1094, 1, 0, 29, 6, 0, 26.73%, 2, 0, 3, 115.69, 91692, 89
1099, 1, 2, 29, 6, 0, 26.73%, 2, 0, 3, 76.96, 92077, 89
1104, 1, 2, 29, 6, 0, 26.73%, 2, 0, 3, 98.85, 92560, 89
1109, 1, 2, 29, 6, 0, 26.73%, 2, 0, 3, 82.66, 92909, 89
1114, 1, 19, 29, 6, 0, 26.73%, 2, 0, 3, 74.21, 93225, 89
1119, 1, 19, 29, 6, 0, 26.73%, 2, 0, 3, 67.06, 93567, 89
1124, 1, 19, 29, 6, 0, 26.73%, 2, 0, 3, 69.41, 93921, 89
1130, 1, 19, 29, 6, 0, 26.73%, 2, 0, 3, 69.38, 94269, 89
1135, 1, 19, 29, 6, 0, 26.73%, 2, 0, 3, 76.03, 94634, 89
1140, 1, 19, 29, 6, 0, 26.73%, 2, 0, 3, 71.00, 95019, 89
1145, 1, 19, 29, 6, 0, 26.73%, 2, 0, 3, 37.47, 95157, 89
1150, 1, 19, 29, 6, 0, 26.73%, 2, 0, 3, 38.58, 95343, 89
1155, 1, 19, 29, 6, 0, 26.73%, 2, 0, 3, 67.67, 95719, 89
1160, 1, 19, 29, 6, 0, 26.73%, 2, 0, 3, 57.62, 95985, 89
1165, 1, 19, 29, 6, 0, 26.73%, 2, 0, 3, 67.14, 96342, 89
1170, 1, 19, 29, 6, 0, 26.73%, 2, 0, 3, 33.89, 96465, 89
1175, 1, 19, 29, 6, 0, 26.73%, 2, 0, 3, 68.13, 96780, 89
1181, 1, 19, 29, 6, 0, 26.73%, 2, 0, 3, 72.68, 97167, 89
1186, 1, 19, 29, 6, 0, 26.73%, 2, 0, 3, 67.07, 97544, 89
1191, 1, 19, 29, 6, 0, 26.73%, 2, 0, 3, 62.74, 97890, 89
1196, 1, 19, 29, 6, 0, 26.73%, 2, 0, 3, 32.32, 98015, 89
1201, 2, 0, 31, 8, 0, 26.73%, 2, 0, 3, 53.49, 98292, 89
1206, 2, 0, 31, 8, 0, 26.73%, 2, 0, 3, 58.83, 98599, 89
1211, 2, 0, 31, 8, 0, 26.73%, 2, 0, 3, 57.59, 98910, 89
1217, 2, 0, 31, 8, 0, 26.73%, 2, 0, 3, 64.37, 99258, 89
1222, 2, 0, 31, 8, 0, 26.73%, 2, 0, 3, 69.10, 99630, 89
1227, 2, 0, 31, 8, 0, 26.73%, 2, 0, 3, 83.58, 100033, 89
1232, 2, 0, 31, 8, 0, 26.73%, 2, 0, 3, 111.14, 100643, 89
1237, 2, 0, 31, 8, 0, 26.73%, 2, 0, 3, 116.54, 101217, 89
1242, 2, 0, 31, 8, 0, 26.73%, 2, 0, 3, 115.71, 101797, 89
1247, 2, 0, 31, 8, 0, 26.73%, 2, 0, 3, 122.23, 102443, 89
1252, 2, 0, 31, 8, 0, 26.73%, 2, 0, 3, 128.63, 103089, 89
1257, 2, 8, 31, 8, 0, 26.73%, 2, 0, 3, 133.51, 103799, 89
1263, 2, 8, 31, 8, 0, 26.73%, 2, 0, 3, 100.82, 104244, 89
1268, 2, 8, 31, 8, 0, 26.73%, 2, 0, 3, 65.29, 104524, 89
1273, 2, 13, 31, 8, 0, 26.73%, 2, 0, 3, 110.32, 105094, 89
1278, 2, 12, 31, 8, 0, 26.73%, 2, 0, 3, 130.12, 105806, 89
1283, 2, 12, 31, 8, 0, 26.73%, 2, 0, 3, 108.76, 106293, 89
1288, 2, 17, 31, 8, 0, 26.73%, 2, 0, 3, 127.90, 106966, 89
1293, 2, 12, 31, 8, 0, 26.73%, 2, 0, 3, 123.51, 107583, 89
1299, 2, 12, 31, 8, 0, 26.73%, 2, 0, 3, 99.35, 107907, 89
1304, 2, 14, 31, 8, 0, 26.73%, 2, 0, 3, 128.47, 108592, 89
1309, 2, 7, 31, 8, 0, 26.73%, 2, 0, 3, 137.46, 109323, 89
1314, 2, 8, 31, 8, 0, 26.73%, 2, 0, 3, 97.36, 109738, 89
1319, 2, 8, 31, 8, 0, 26.73%, 2, 0, 3, 84.26, 110122, 89
1324, 2, 26, 32, 9, 0, 27.03%, 2, 0, 3, 78.62, 110508, 90
1329, 2, 26, 32, 9, 0, 27.03%, 2, 0, 3, 87.35, 110932, 90
1334, 2, 31, 32, 9, 1, 27.03%, 2, 0, 3, 79.91, 111294, 90
1339, 2, 31, 32, 9, 1, 27.03%, 2, 0, 3, 56.68, 111517, 90
1344, 2, 31, 32, 9, 1, 27.03%, 2, 0, 3, 69.65, 111893, 90
1350, 2, 31, 32, 9, 1, 27.03%, 2, 0, 3, 92.91, 112355, 90
1355, 2, 31, 32, 9, 1, 27.03%, 2, 0, 3, 69.56, 112726, 90
1360, 2, 11, 32, 8, 0, 27.03%, 2, 0, 3, 114.45, 113316, 90
1365, 2, 11, 32, 8, 0, 27.03%, 2, 0, 3, 135.19, 114020, 90
1370, 2, 11, 32, 8, 0, 27.03%, 2, 0, 3, 128.10, 114645, 90
1375, 2, 17, 32, 8, 0, 27.03%, 2, 0, 3, 133.10, 115313, 90
1380, 2, 17, 32, 8, 0, 27.03%, 2, 0, 3, 122.69, 115948, 90
1385, 2, 11, 32, 8, 0, 27.03%, 2, 0, 3, 128.85, 116595, 90
1391, 2, 23, 32, 8, 0, 27.03%, 2, 0, 3, 101.50, 117112, 90
1396, 2, 23, 32, 8, 0, 27.03%, 2, 0, 3, 80.44, 117456, 90
1401, 2, 23, 32, 8, 0, 27.03%, 2, 0, 3, 75.19, 117876, 90
1406, 2, 12, 32, 8, 0, 27.03%, 2, 0, 3, 80.31, 118230, 90
1411, 2, 12, 32, 8, 0, 27.03%, 2, 0, 3, 150.54, 118800, 90
1416, 2, 17, 32, 8, 0, 27.03%, 2, 0, 3, 133.46, 119482, 90
1421, 2, 23, 32, 8, 0, 27.03%, 2, 0, 3, 96.01, 119950, 90
1426, 2, 23, 32, 8, 0, 27.03%, 2, 0, 3, 96.67, 120379, 90
1431, 2, 23, 32, 8, 0, 27.03%, 2, 0, 3, 66.62, 120717, 90
1436, 2, 0, 32, 8, 0, 27.03%, 2, 0, 3, 65.00, 121032, 90
1441, 2, 0, 32, 8, 0, 27.03%, 2, 0, 3, 56.76, 121306, 90
1447, 2, 0, 32, 8, 0, 27.03%, 2, 0, 3, 51.00, 121574, 90
1452, 2, 0, 32, 8, 0, 27.03%, 2, 0, 3, 58.95, 121898, 90
1457, 2, 0, 32, 8, 0, 27.03%, 2, 0, 3, 59.32, 122206, 90
1462, 2, 0, 32, 8, 0, 27.03%, 2, 0, 3, 60.26, 122501, 90
1467, 2, 0, 32, 8, 0, 27.03%, 2, 0, 3, 59.99, 122789, 90
1472, 2, 0, 32, 8, 0, 27.03%, 2, 0, 3, 97.34, 123358, 90
1477, 2, 0, 32, 8, 0, 27.03%, 2, 0, 3, 121.69, 123986, 90
1482, 2, 0, 32, 8, 0, 27.03%, 2, 0, 3, 115.84, 124570, 90
1487, 2, 0, 32, 8, 0, 27.03%, 2, 0, 3, 66.73, 124884, 90
1493, 2, 0, 32, 8, 0, 27.03%, 2, 0, 3, 76.52, 125229, 90
1498, 2, 0, 32, 8, 0, 27.03%, 2, 0, 3, 119.16, 125882, 90
1503, 2, 26, 32, 8, 0, 27.03%, 2, 0, 3, 88.43, 126337, 90
1508, 2, 26, 32, 8, 0, 27.03%, 2, 0, 3, 84.63, 126733, 90
1513, 2, 23, 32, 8, 0, 27.03%, 2, 0, 3, 68.11, 127077, 90
1518, 2, 23, 32, 8, 0, 27.03%, 2, 0, 3, 93.53, 127524, 90
1523, 2, 23, 32, 8, 0, 27.03%, 2, 0, 3, 63.59, 127809, 90
1529, 2, 23, 32, 8, 0, 27.03%, 2, 0, 3, 52.97, 128047, 90
1534, 2, 7, 32, 8, 0, 27.03%, 2, 0, 3, 96.02, 128488, 90
1539, 2, 2, 32, 8, 0, 27.03%, 2, 0, 3, 127.07, 129195, 90
1544, 2, 2, 32, 8, 0, 27.03%, 2, 0, 3, 78.90, 129505, 90
1549, 2, 2, 32, 8, 0, 27.03%, 2, 0, 3, 82.89, 129895, 90
1554, 2, 2, 32, 8, 0, 27.03%, 2, 0, 3, 75.19, 130273, 90
1559, 2, 27, 32, 8, 0, 27.03%, 2, 0, 3, 60.58, 130506, 90
1564, 2, 7, 32, 8, 0, 27.03%, 2, 0, 3, 117.07, 131172, 90
1569, 2, 2, 32, 8, 0, 27.03%, 2, 0, 3, 81.62, 131559, 90
1575, 2, 2, 32, 8, 0, 27.03%, 2, 0, 3, 78.74, 131971, 90
1580, 2, 2, 32, 8, 0, 27.03%, 2, 0, 3, 50.84, 132166, 90
1585, 2, 2, 32, 8, 0, 27.03%, 2, 0, 3, 62.74, 132427, 90
1590, 3, 12, 32, 8, 0, 27.03%, 2, 0, 3, 119.80, 133110, 90
1595, 3, 12, 32, 8, 0, 27.03%, 2, 0, 3, 128.48, 133777, 90
1600, 3, 23, 32, 8, 0, 27.03%, 2, 0, 3, 84.93, 134181, 90
1605, 3, 23, 32, 8, 0, 27.03%, 2, 0, 3, 82.14, 134593, 90
1610, 3, 23, 32, 8, 0, 27.03%, 2, 0, 3, 95.60, 135053, 90
1615, 3, 18, 32, 8, 0, 27.03%, 2, 0, 3, 20.29, 135559, 90
1620, 3, 8, 32, 8, 0, 27.03%, 2, 0, 3, 88.23, 136047, 90
1625, 3, 8, 32, 8, 0, 27.03%, 2, 0, 3, 68.68, 136398, 90
1631, 3, 11, 32, 8, 0, 27.03%, 2, 0, 3, 69.81, 136782, 90
1636, 3, 17, 32, 8, 0, 27.03%, 2, 0, 3, 127.08, 137503, 90
1641, 3, 17, 32, 8, 0, 27.03%, 2, 0, 3, 132.59, 138198, 90
1646, 3, 12, 32, 8, 0, 27.03%, 2, 0, 3, 110.52, 138783, 90
1651, 3, 12, 32, 8, 0, 27.03%, 2, 0, 3, 67.91, 139079, 90
1656, 3, 23, 32, 8, 0, 27.03%, 2, 0, 3, 68.60, 139446, 90
1661, 3, 23, 32, 8, 0, 27.03%, 2, 0, 3, 73.22, 139836, 90
1666, 3, 23, 32, 8, 0, 27.03%, 2, 0, 3, 49.84, 140045, 90
1671, 3, 23, 32, 8, 0, 27.03%, 2, 0, 3, 45.06, 140285, 90
1677, 3, 9, 32, 8, 0, 27.03%, 2, 0, 3, 99.74, 140841, 90
1682, 3, 22, 32, 8, 0, 27.03%, 2, 0, 3, 86.02, 141265, 90
1687, 3, 22, 32, 8, 0, 27.03%, 2, 0, 3, 74.47, 141629, 90
1692, 3, 22, 32, 8, 0, 27.03%, 2, 0, 3, 78.42, 142008, 90
1697, 3, 22, 32, 8, 0, 27.03%, 2, 0, 3, 79.74, 142428, 90
1702, 3, 22, 32, 8, 0, 27.03%, 2, 0, 3, 79.94, 142806, 90
1707, 3, 22, 32, 8, 0, 27.03%, 2, 0, 3, 51.02, 143077, 90
1712, 3, 22, 32, 8, 0, 27.03%, 2, 0, 3, 63.12, 143357, 90
1718, 3, 22, 32, 8, 0, 27.03%, 2, 0, 3, 87.58, 143881, 90
1723, 3, 22, 32, 8, 0, 27.03%, 2, 0, 3, 64.30, 144211, 90
1728, 3, 22, 32, 8, 0, 27.03%, 2, 0, 3, 90.84, 144686, 90
1733, 3, 22, 32, 8, 0, 27.03%, 2, 0, 3, 71.38, 145050, 90
1738, 3, 22, 32, 8, 0, 27.03%, 2, 0, 3, 92.51, 145484, 90
1743, 3, 18, 32, 8, 0, 27.03%, 2, 0, 3, 111.95, 146100, 90
1748, 3, 18, 32, 8, 0, 27.03%, 2, 0, 3, 86.53, 146528, 90
1753, 3, 6, 32, 8, 0, 27.03%, 2, 0, 3, 87.68, 146933, 90
1758, 3, 18, 32, 7, 0, 27.03%, 2, 0, 3, 96.06, 147438, 90
1763, 3, 18, 32, 7, 0, 27.03%, 2, 0, 3, 98.20, 147874, 90
1769, 3, 23, 32, 7, 0, 27.03%, 2, 0, 3, 82.47, 148296, 90
1774, 3, 23, 32, 7, 0, 27.03%, 2, 0, 3, 79.69, 148728, 90
1779, 3, 23, 32, 7, 0, 27.03%, 2, 0, 3, 77.52, 149164, 90
1784, 3, 11, 32, 7, 0, 27.03%, 2, 0, 3, 110.49, 149722, 90
1789, 3, 17, 32, 7, 0, 27.03%, 2, 0, 3, 122.97, 150377, 90
1794, 3, 18, 32, 7, 0, 27.03%, 2, 0, 3, 120.56, 150993, 90
1799, 3, 18, 32, 7, 0, 27.03%, 2, 0, 3, 81.51, 151367, 90
1804, 3, 11, 32, 7, 0, 27.03%, 2, 0, 3, 111.95, 152000, 90
1809, 3, 31, 32, 7, 0, 27.03%, 2, 0, 3, 104.77, 152541, 90
1815, 3, 31, 32, 7, 0, 27.03%, 2, 0, 3, 65.71, 152863, 90
1820, 3, 31, 32, 7, 0, 27.03%, 2, 0, 3, 73.93, 153190, 90
1825, 3, 11, 32, 7, 0, 27.03%, 2, 0, 3, 109.48, 153747, 90
1830, 3, 23, 32, 7, 0, 27.03%, 2, 0, 3, 108.72, 154332, 90
1835, 3, 23, 32, 7, 0, 27.03%, 2, 0, 3, 80.12, 154694, 90
1840, 3, 23, 32, 7, 0, 27.03%, 2, 0, 3, 71.84, 155095, 90
1845, 3, 23, 32, 7, 0, 27.03%, 2, 0, 3, 66.83, 155418, 90
1850, 3, 16, 33, 8, 0, 27.33%, 2, 0, 3, 92.42, 155876, 91
1855, 3, 16, 33, 8, 0, 27.33%, 2, 0, 3, 84.94, 156309, 91
1860, 3, 13, 33, 8, 1, 27.33%, 2, 0, 3, 117.38, 156940, 91
1865, 3, 16, 33, 8, 1, 27.33%, 2, 0, 3, 124.13, 157574, 91
1870, 3, 16, 33, 8, 1, 27.33%, 2, 0, 3, 104.35, 158101, 91
1876, 3, 9, 33, 8, 1, 27.33%, 2, 0, 3, 111.69, 158734, 91
1881, 3, 18, 33, 8, 1, 27.33%, 2, 0, 3, 131.07, 159401, 91
1886, 3, 18, 33, 8, 1, 27.33%, 2, 0, 3, 113.04, 159930, 91
1891, 3, 19, 33, 8, 1, 27.33%, 2, 0, 3, 113.72, 160308, 91
1896, 3, 19, 33, 8, 1, 27.33%, 2, 0, 3, 80.45, 160672, 91
1901, 3, 19, 33, 8, 1, 27.33%, 2, 0, 3, 78.51, 161069, 91
1906, 3, 19, 33, 8, 1, 27.33%, 2, 0, 3, 74.02, 161434, 91
1911, 3, 19, 33, 8, 1, 27.33%, 2, 0, 3, 76.35, 161844, 91
1916, 3, 19, 33, 8, 1, 27.33%, 2, 0, 3, 109.41, 162422, 91
1921, 3, 19, 33, 8, 1, 27.33%, 2, 0, 3, 64.27, 162678, 91
1927, 3, 19, 33, 8, 1, 27.33%, 2, 0, 3, 91.08, 163107, 91
1932, 3, 19, 33, 8, 1, 27.33%, 2, 0, 3, 102.85, 163630, 91
1937, 3, 19, 33, 8, 1, 27.33%, 2, 0, 3, 65.24, 163933, 91
1942, 3, 19, 33, 8, 1, 27.33%, 2, 0, 3, 35.84, 164082, 91
1947, 3, 19, 33, 8, 1, 27.33%, 2, 0, 3, 83.97, 164453, 91
1952, 3, 19, 33, 8, 1, 27.33%, 2, 0, 3, 57.55, 164754, 91
1957, 3, 19, 33, 8, 1, 27.33%, 2, 0, 3, 69.74, 165133, 91
1962, 3, 8, 33, 8, 1, 27.33%, 2, 0, 3, 65.58, 165430, 91
1967, 3, 8, 33, 8, 1, 27.33%, 2, 0, 3, 56.90, 165715, 91
1972, 3, 8, 33, 8, 1, 27.33%, 2, 0, 3, 60.43, 166015, 91
1977, 3, 10, 33, 8, 1, 27.33%, 2, 0, 3, 73.98, 166387, 91
1982, 3, 10, 33, 8, 1, 27.33%, 2, 0, 3, 77.24, 166792, 91
1988, 3, 10, 33, 8, 1, 27.33%, 2, 0, 3, 84.11, 167191, 91
1993, 3, 32, 33, 8, 1, 27.33%, 2, 0, 3, 86.43, 167584, 91
1998, 3, 32, 33, 8, 1, 27.33%, 2, 0, 3, 88.00, 168017, 91
2003, 3, 23, 33, 7, 0, 27.33%, 2, 0, 3, 81.81, 168443, 91
2008, 3, 23, 33, 7, 0, 27.33%, 2, 0, 3, 58.03, 168741, 91
2013, 3, 23, 33, 7, 0, 27.33%, 2, 0, 3, 52.70, 168962, 91
2018, 3, 2, 33, 7, 0, 27.33%, 2, 0, 3, 72.25, 169348, 91
2023, 3, 2, 33, 7, 0, 27.33%, 2, 0, 3, 75.59, 169721, 91
2028, 3, 2, 33, 7, 0, 27.33%, 2, 0, 3, 74.04, 170046, 91
2034, 3, 2, 33, 7, 0, 27.33%, 2, 0, 3, 64.56, 170325, 91
2039, 4, 16, 33, 7, 0, 27.33%, 2, 0, 3, 105.29, 170872, 91
2044, 4, 12, 33, 7, 0, 27.33%, 2, 0, 3, 114.46, 171466, 91
2049, 4, 12, 33, 7, 0, 27.33%, 2, 0, 3, 111.32, 172035, 91
2054, 4, 16, 33, 7, 0, 27.33%, 2, 0, 3, 105.77, 172496, 91
2059, 4, 18, 33, 7, 0, 27.33%, 2, 0, 3, 108.02, 173020, 91
2064, 4, 18, 33, 7, 0, 27.33%, 2, 0, 3, 116.61, 173615, 91
2069, 4, 14, 33, 7, 0, 27.33%, 2, 0, 3, 125.23, 174264, 91
2074, 4, 7, 33, 7, 0, 27.33%, 2, 0, 3, 130.66, 174924, 91
2079, 4, 12, 33, 7, 0, 27.33%, 2, 0, 3, 119.79, 175521, 91
2085, 4, 10, 33, 7, 0, 27.33%, 2, 0, 3, 89.90, 175977, 91
2090, 4, 10, 33, 7, 0, 27.33%, 2, 0, 3, 72.80, 176341, 91
2095, 4, 10, 33, 7, 0, 27.33%, 2, 0, 3, 64.82, 176678, 91
2100, 4, 10, 33, 7, 0, 27.33%, 2, 0, 3, 54.24, 176929, 91
2105, 4, 10, 33, 7, 0, 27.33%, 2, 0, 3, 70.09, 177324, 91
2110, 4, 10, 33, 7, 0, 27.33%, 2, 0, 3, 59.74, 177667, 91
2115, 4, 10, 33, 7, 0, 27.33%, 2, 0, 3, 87.68, 178127, 91
2120, 4, 19, 33, 7, 0, 27.33%, 2, 0, 3, 71.10, 178429, 91
2125, 4, 19, 33, 7, 0, 27.33%, 2, 0, 3, 83.83, 178845, 91
2130, 4, 19, 33, 7, 0, 27.33%, 2, 0, 3, 74.90, 179216, 91
2136, 4, 19, 33, 7, 0, 27.33%, 2, 0, 3, 85.05, 179644, 91
2141, 4, 19, 33, 7, 0, 27.33%, 2, 0, 3, 81.48, 180054, 91
2146, 4, 19, 33, 7, 0, 27.33%, 2, 0, 3, 100.26, 180619, 91
2151, 4, 19, 33, 7, 0, 27.33%, 2, 0, 3, 21.24, 181085, 91
2156, 4, 19, 33, 7, 0, 27.33%, 2, 0, 3, 39.23, 181272, 91
2161, 4, 19, 33, 7, 0, 27.33%, 2, 0, 3, 69.75, 181651, 91
2166, 4, 12, 33, 7, 0, 27.33%, 2, 0, 3, 87.22, 182056, 91
2171, 4, 12, 33, 7, 0, 27.33%, 2, 0, 3, 92.13, 182578, 91
2176, 4, 11, 33, 7, 0, 27.33%, 2, 0, 3, 111.88, 183117, 91
2181, 4, 2, 33, 7, 0, 27.33%, 2, 0, 3, 118.09, 183768, 91
2187, 4, 2, 33, 7, 0, 27.33%, 2, 0, 3, 84.86, 184145, 91
2192, 4, 2, 33, 7, 0, 27.33%, 2, 0, 3, 56.63, 184406, 91
2197, 4, 2, 33, 7, 0, 27.33%, 2, 0, 3, 56.07, 184725, 91
2202, 4, 23, 33, 7, 0, 27.33%, 2, 0, 3, 59.10, 184973, 91
2207, 4, 23, 33, 7, 0, 27.33%, 2, 0, 3, 71.44, 185363, 91
2212, 4, 23, 33, 7, 0, 27.33%, 2, 0, 3, 84.86, 185802, 91
2217, 4, 23, 33, 7, 0, 27.33%, 2, 0, 3, 69.47, 186097, 91
2223, 4, 19, 33, 7, 0, 27.33%, 2, 0, 3, 54.91, 186325, 91
2228, 4, 19, 33, 7, 0, 27.33%, 2, 0, 3, 72.86, 186726, 91
2233, 4, 19, 33, 7, 0, 27.33%, 2, 0, 3, 74.02, 187108, 91
2238, 4, 19, 33, 7, 0, 27.33%, 2, 0, 3, 69.97, 187463, 91
2243, 4, 19, 33, 7, 0, 27.33%, 2, 0, 3, 58.87, 187754, 91
2248, 4, 19, 33, 7, 0, 27.33%, 2, 0, 3, 71.09, 188103, 91
2253, 4, 19, 33, 7, 0, 27.33%, 2, 0, 3, 65.38, 188469, 91
2258, 4, 19, 34, 8, 0, 27.63%, 2, 0, 3, 63.35, 188765, 92
2263, 4, 19, 34, 8, 0, 27.63%, 2, 0, 3, 43.50, 188992, 92
2268, 4, 19, 34, 8, 0, 27.63%, 2, 0, 3, 45.65, 189199, 92
2274, 4, 19, 34, 8, 0, 27.63%, 2, 0, 3, 88.04, 189686, 92
2279, 4, 19, 34, 8, 0, 27.63%, 2, 0, 3, 41.15, 189843, 92
2284, 4, 19, 34, 8, 0, 27.63%, 2, 0, 3, 42.72, 190094, 92
2289, 4, 27, 34, 8, 1, 27.63%, 2, 0, 3, 58.80, 190335, 92
2294, 4, 33, 34, 8, 1, 27.63%, 2, 0, 3, 37.60, 190509, 92
2299, 4, 33, 34, 8, 1, 27.63%, 2, 0, 3, 48.61, 190779, 92
2304, 4, 33, 34, 8, 1, 27.63%, 2, 0, 3, 54.10, 191056, 92
2309, 4, 33, 34, 8, 1, 27.63%, 2, 0, 3, 59.09, 191357, 92
2314, 4, 33, 34, 8, 1, 27.63%, 2, 0, 3, 62.13, 191713, 92
2319, 4, 33, 34, 8, 1, 27.63%, 2, 0, 3, 49.12, 191958, 92
2324, 4, 3, 35, 8, 0, 27.63%, 2, 0, 4, 76.52, 192284, 92
2329, 4, 23, 35, 8, 0, 27.63%, 2, 0, 4, 79.86, 192741, 92
2334, 4, 23, 35, 8, 0, 27.63%, 2, 0, 4, 58.80, 193035, 92
2339, 4, 23, 35, 8, 0, 27.63%, 2, 0, 4, 50.51, 193289, 92
2345, 4, 23, 35, 8, 0, 27.63%, 2, 0, 4, 66.86, 193698, 92
2350, 4, 17, 35, 8, 0, 27.63%, 2, 0, 4, 98.56, 194137, 92
2355, 4, 19, 35, 8, 0, 27.63%, 2, 0, 4, 102.66, 194725, 92
2358, 4, 19, 35, 8, 0, 27.63%, 2, 0, 4, 81.23, 194935, 92
