# relative_time, cycles_done, cur_item, corpus_count, pending_total, pending_favs, map_size, saved_crashes, saved_hangs, max_depth, execs_per_sec, total_execs, edges_found
61, 0, 0, 19, 19, 2, 23.10%, 0, 0, 2, 127.89, 8578, 79
66, 0, 0, 19, 19, 2, 23.10%, 1, 0, 2, 132.67, 9286, 79
72, 0, 0, 20, 20, 2, 23.39%, 1, 0, 2, 150.97, 10083, 80
77, 0, 0, 20, 20, 2, 23.39%, 1, 0, 2, 145.97, 10828, 80
82, 0, 0, 20, 20, 2, 23.39%, 1, 0, 2, 145.52, 11570, 80
87, 0, 0, 20, 20, 2, 23.39%, 1, 0, 2, 152.38, 12387, 80
92, 0, 0, 20, 20, 2, 23.39%, 1, 0, 2, 153.72, 13155, 80
97, 0, 0, 20, 20, 2, 23.39%, 1, 0, 2, 146.03, 13870, 80
102, 0, 0, 20, 20, 2, 23.39%, 1, 0, 2, 143.37, 14650, 80
107, 0, 0, 20, 20, 2, 23.39%, 1, 0, 2, 147.53, 15418, 80
112, 0, 0, 20, 20, 2, 23.39%, 1, 0, 2, 143.39, 16145, 80
118, 0, 0, 20, 20, 2, 23.39%, 1, 0, 2, 142.81, 16885, 80
123, 0, 0, 20, 20, 2, 23.39%, 1, 0, 2, 138.90, 17611, 80
128, 0, 0, 20, 20, 2, 23.39%, 1, 0, 2, 144.24, 18335, 80
133, 0, 0, 20, 20, 2, 23.39%, 1, 0, 2, 146.75, 19089, 80
138, 0, 0, 20, 20, 2, 23.39%, 1, 0, 2, 148.65, 19855, 80
143, 0, 0, 20, 20, 2, 23.39%, 1, 0, 2, 148.29, 20613, 80
148, 0, 0, 20, 20, 2, 23.39%, 1, 0, 2, 146.27, 21359, 80
153, 0, 0, 20, 20, 2, 23.39%, 1, 0, 2, 156.75, 22138, 80
158, 0, 0, 20, 20, 2, 23.39%, 1, 0, 2, 145.12, 22849, 80
163, 0, 0, 20, 20, 2, 23.39%, 1, 0, 2, 135.61, 23537, 80
168, 0, 0, 20, 20, 2, 23.39%, 1, 0, 2, 143.45, 24255, 80
174, 0, 0, 20, 20, 2, 23.39%, 1, 0, 2, 150.37, 25051, 80
179, 0, 0, 20, 20, 2, 23.39%, 1, 0, 2, 155.15, 25813, 80
184, 0, 0, 20, 20, 2, 23.39%, 1, 0, 2, 147.71, 26542, 80
189, 0, 0, 20, 20, 2, 23.39%, 1, 0, 2, 147.84, 27281, 80
194, 0, 0, 20, 20, 2, 23.39%, 1, 0, 2, 153.02, 28021, 80
199, 0, 0, 20, 20, 2, 23.39%, 1, 0, 2, 159.05, 28834, 80
204, 0, 0, 20, 20, 2, 23.39%, 1, 0, 2, 142.58, 29545, 80
209, 0, 0, 20, 20, 2, 23.39%, 1, 0, 2, 137.25, 30265, 80
215, 0, 0, 20, 20, 2, 23.39%, 1, 0, 2, 141.95, 30999, 80
220, 0, 0, 20, 20, 2, 23.39%, 1, 0, 2, 147.00, 31749, 80
225, 0, 0, 20, 20, 2, 23.39%, 1, 0, 2, 150.87, 32525, 80
230, 0, 0, 20, 20, 2, 23.39%, 1, 0, 2, 142.74, 33233, 80
235, 0, 0, 20, 20, 2, 23.39%, 1, 0, 2, 105.22, 33729, 80
240, 0, 1, 22, 21, 16, 23.98%, 1, 0, 2, 108.90, 34227, 82
245, 0, 1, 23, 22, 16, 23.98%, 1, 0, 2, 182.41, 35238, 82
250, 0, 1, 23, 22, 16, 23.98%, 1, 0, 2, 209.98, 36327, 82
255, 0, 1, 23, 22, 16, 23.98%, 1, 0, 2, 171.66, 37197, 82
260, 0, 1, 23, 22, 16, 23.98%, 1, 0, 2, 80.21, 37481, 82
266, 0, 1, 23, 22, 16, 23.98%, 1, 0, 2, 76.71, 37854, 82
271, 0, 2, 24, 20, 16, 24.27%, 1, 0, 3, 41.66, 39803, 83
276, 0, 2, 24, 20, 16, 24.27%, 1, 0, 3, 52.69, 40054, 83
281, 0, 2, 24, 20, 16, 24.27%, 1, 0, 3, 90.27, 40610, 83
286, 0, 9, 24, 19, 15, 24.27%, 1, 0, 3, 676.03, 41573, 83
291, 0, 20, 25, 17, 11, 24.56%, 1, 0, 3, 128.24, 43035, 84
296, 0, 20, 25, 17, 11, 24.56%, 1, 0, 3, 95.97, 43567, 84
301, 0, 25, 26, 16, 11, 24.85%, 1, 0, 3, 710.35, 44526, 85
306, 0, 17, 26, 15, 10, 24.85%, 1, 0, 3, 41.37, 45633, 85
311, 0, 17, 26, 15, 10, 24.85%, 1, 0, 3, 218.04, 45969, 85
316, 0, 17, 26, 15, 10, 24.85%, 1, 0, 3, 163.01, 46678, 85
322, 0, 22, 26, 11, 6, 24.85%, 1, 0, 3, 444.43, 48985, 85
327, 0, 22, 26, 11, 6, 24.85%, 1, 0, 3, 388.11, 49628, 85
332, 0, 19, 26, 8, 3, 24.85%, 1, 0, 3, 95.98, 52543, 85
337, 0, 19, 26, 8, 3, 24.85%, 1, 0, 3, 53.60, 52750, 85
342, 0, 19, 26, 8, 3, 24.85%, 1, 0, 3, 70.15, 53665, 85
347, 0, 24, 26, 6, 1, 24.85%, 1, 0, 3, 80.16, 54745, 85
352, 0, 21, 26, 5, 0, 24.85%, 1, 0, 3, 320.55, 56328, 85
357, 0, 20, 26, 5, 0, 24.85%, 1, 0, 3, 289.14, 57630, 85
362, 0, 20, 26, 5, 0, 24.85%, 1, 0, 3, 59.80, 58188, 85
367, 0, 11, 26, 5, 0, 24.85%, 1, 0, 3, 814.67, 60107, 85
373, 1, 2, 26, 5, 0, 24.85%, 1, 0, 3, 67.48, 61185, 85
378, 1, 2, 26, 5, 0, 24.85%, 1, 0, 3, 115.64, 61853, 85
383, 1, 18, 26, 5, 0, 24.85%, 1, 0, 3, 375.57, 63668, 85
388, 1, 17, 26, 5, 0, 24.85%, 1, 0, 3, 402.98, 66121, 85
393, 1, 25, 26, 5, 0, 24.85%, 1, 0, 3, 47.47, 67790, 85
398, 1, 24, 26, 5, 0, 24.85%, 1, 0, 3, 186.38, 68681, 85
403, 1, 24, 26, 5, 0, 24.85%, 1, 0, 3, 406.67, 70870, 85
409, 1, 24, 26, 5, 0, 24.85%, 1, 0, 3, 59.96, 71434, 85
414, 1, 2, 26, 5, 0, 24.85%, 1, 0, 3, 308.95, 72487, 85
419, 1, 20, 26, 5, 0, 24.85%, 1, 0, 3, 219.84, 73396, 85
424, 1, 20, 26, 5, 0, 24.85%, 1, 0, 3, 131.02, 73986, 85
429, 1, 20, 26, 5, 0, 24.85%, 1, 0, 3, 293.58, 75732, 85
434, 1, 20, 26, 5, 0, 24.85%, 1, 0, 3, 47.85, 76436, 85
439, 1, 20, 26, 5, 0, 24.85%, 1, 0, 3, 56.97, 76980, 85
444, 1, 22, 26, 5, 0, 24.85%, 1, 0, 3, 50.54, 77738, 85
449, 1, 20, 26, 5, 0, 24.85%, 1, 0, 3, 158.27, 78700, 85
454, 1, 4, 26, 5, 0, 24.85%, 1, 0, 3, 115.64, 79223, 85
1674, 1, 15, 26, 5, 0, 24.85%, 1, 0, 3, 0.10, 80891, 85
1679, 1, 32, 42, 21, 9, 28.07%, 1, 0, 3, 100.92, 82549, 96
1684, 1, 32, 42, 21, 9, 28.07%, 1, 0, 3, 173.08, 83636, 96
1689, 1, 32, 42, 21, 9, 28.07%, 1, 0, 3, 144.70, 84262, 96
1695, 1, 32, 42, 21, 9, 28.07%, 1, 0, 3, 100.93, 84740, 96
1700, 1, 28, 42, 20, 8, 28.07%, 1, 0, 3, 112.90, 85280, 96
1705, 1, 26, 42, 19, 7, 28.07%, 1, 0, 3, 153.51, 86039, 96
1710, 1, 26, 42, 19, 7, 28.07%, 1, 0, 3, 139.01, 86853, 96
1715, 1, 30, 42, 18, 6, 28.07%, 1, 0, 3, 127.75, 87458, 96
1720, 1, 27, 42, 17, 5, 28.07%, 1, 0, 3, 131.53, 88118, 96
1725, 1, 33, 42, 16, 4, 28.07%, 1, 0, 3, 195.68, 89059, 96
1730, 1, 33, 42, 16, 4, 28.07%, 1, 0, 3, 172.45, 89857, 96
1736, 1, 40, 42, 15, 3, 28.07%, 1, 0, 3, 112.25, 90260, 96
1741, 1, 40, 42, 15, 3, 28.07%, 1, 0, 3, 100.92, 90747, 96
1746, 1, 25, 42, 14, 2, 28.07%, 1, 0, 3, 567.65, 91553, 96
1751, 1, 30, 42, 14, 2, 28.07%, 1, 0, 3, 165.96, 92634, 96
1756, 1, 30, 42, 14, 2, 28.07%, 1, 0, 3, 252.81, 93887, 96
1761, 1, 30, 42, 14, 2, 28.07%, 1, 0, 3, 49.63, 94368, 96
1766, 1, 30, 42, 14, 2, 28.07%, 1, 0, 3, 169.46, 95361, 96
1771, 1, 30, 42, 14, 2, 28.07%, 1, 0, 3, 101.92, 95886, 96
1776, 1, 30, 42, 14, 2, 28.07%, 1, 0, 3, 49.18, 96552, 96
1781, 1, 29, 42, 14, 2, 28.07%, 1, 0, 3, 762.56, 97621, 96
1786, 1, 39, 42, 13, 1, 28.07%, 1, 0, 3, 44.08, 98622, 96
1792, 1, 39, 42, 13, 1, 28.07%, 1, 0, 3, 121.32, 99377, 96
1797, 1, 30, 42, 12, 0, 28.07%, 1, 0, 3, 157.64, 101351, 96
1802, 1, 30, 42, 12, 0, 28.07%, 1, 0, 3, 189.84, 102386, 96
1807, 1, 30, 42, 12, 0, 28.07%, 1, 0, 3, 254.77, 103531, 96
1812, 1, 30, 42, 12, 0, 28.07%, 1, 0, 3, 126.75, 104103, 96
1817, 1, 30, 42, 12, 0, 28.07%, 1, 0, 3, 71.79, 104379, 96
1822, 1, 30, 42, 12, 0, 28.07%, 1, 0, 3, 55.34, 104639, 96
1825, 1, 30, 42, 12, 0, 28.07%, 1, 0, 3, 51.94, 104790, 96
