# relative_time, cycles_done, cur_item, corpus_count, pending_total, pending_favs, map_size, saved_crashes, saved_hangs, max_depth, execs_per_sec, total_execs, edges_found
61, 0, 1, 17, 17, 2, 22.74%, 9, 0, 2, 68.85, 4310, 73
66, 0, 1, 17, 17, 2, 22.74%, 9, 0, 2, 72.01, 4676, 73
71, 0, 1, 17, 17, 2, 22.74%, 9, 0, 2, 78.41, 5072, 73
76, 0, 1, 17, 17, 2, 22.74%, 9, 0, 2, 77.94, 5443, 73
81, 0, 1, 17, 17, 2, 22.74%, 9, 0, 2, 75.15, 5807, 73
87, 0, 1, 17, 17, 2, 22.74%, 9, 0, 2, 75.16, 6191, 73
92, 0, 1, 17, 17, 2, 22.74%, 9, 0, 2, 72.91, 6564, 73
97, 0, 1, 17, 17, 2, 22.74%, 9, 0, 2, 74.31, 6935, 73
102, 0, 1, 17, 17, 2, 22.74%, 9, 0, 2, 73.63, 7302, 73
107, 0, 1, 17, 17, 2, 22.74%, 9, 0, 2, 77.27, 7704, 73
112, 0, 1, 17, 17, 2, 22.74%, 9, 0, 2, 71.06, 8072, 73
117, 0, 1, 18, 18, 2, 22.74%, 9, 0, 2, 75.67, 8465, 73
123, 0, 1, 18, 18, 2, 22.74%, 9, 0, 2, 66.37, 8804, 73
128, 0, 1, 18, 18, 2, 22.74%, 9, 0, 2, 67.62, 9147, 73
133, 0, 1, 18, 18, 2, 22.74%, 9, 0, 2, 72.84, 9517, 73
138, 0, 1, 18, 18, 2, 22.74%, 9, 0, 2, 69.54, 9852, 73
143, 0, 1, 18, 18, 2, 22.74%, 9, 0, 2, 69.34, 10192, 73
148, 0, 1, 18, 18, 2, 22.74%, 9, 0, 2, 64.45, 10529, 73
153, 0, 1, 18, 18, 2, 22.74%, 9, 0, 2, 70.85, 10906, 73
159, 0, 1, 19, 19, 2, 23.05%, 9, 0, 2, 70.04, 11264, 74
164, 0, 1, 19, 19, 2, 23.05%, 9, 0, 2, 67.85, 11613, 74
169, 0, 1, 19, 19, 2, 23.05%, 9, 0, 2, 75.66, 12021, 74
174, 0, 1, 19, 19, 2, 23.05%, 9, 0, 2, 69.01, 12363, 74
179, 0, 1, 19, 19, 2, 23.05%, 10, 0, 2, 71.40, 12709, 74
184, 0, 1, 19, 19, 2, 23.05%, 10, 0, 2, 76.31, 13105, 74
189, 0, 1, 19, 19, 2, 23.05%, 10, 0, 2, 72.55, 13474, 74
194, 0, 1, 19, 19, 2, 23.05%, 10, 0, 2, 73.86, 13858, 74
200, 0, 1, 19, 19, 2, 23.05%, 10, 0, 2, 67.09, 14204, 74
205, 0, 1, 19, 19, 2, 23.05%, 10, 0, 2, 61.09, 14486, 74
210, 0, 1, 19, 19, 2, 23.05%, 10, 0, 2, 65.77, 14849, 74
215, 0, 1, 19, 19, 2, 23.05%, 10, 0, 2, 63.20, 15161, 74
220, 0, 1, 19, 19, 2, 23.05%, 10, 0, 2, 66.30, 15515, 74
225, 0, 1, 19, 19, 2, 23.05%, 10, 0, 2, 66.54, 15859, 74
230, 0, 1, 19, 19, 2, 23.05%, 10, 0, 2, 71.20, 16227, 74
236, 0, 1, 19, 19, 2, 23.05%, 10, 0, 2, 71.53, 16590, 74
241, 0, 1, 19, 19, 2, 23.05%, 10, 0, 2, 69.77, 16948, 74
246, 0, 1, 19, 19, 2, 23.05%, 10, 0, 2, 71.82, 17322, 74
251, 0, 1, 19, 19, 2, 23.05%, 10, 0, 2, 73.94, 17703, 74
256, 0, 1, 19, 19, 2, 23.05%, 10, 0, 2, 74.15, 18068, 74
261, 0, 1, 19, 19, 2, 23.05%, 10, 0, 2, 70.42, 18440, 74
266, 0, 1, 19, 19, 2, 23.05%, 10, 0, 2, 75.92, 18812, 74
271, 0, 1, 19, 19, 2, 23.05%, 10, 0, 2, 72.77, 19175, 74
276, 0, 1, 19, 19, 2, 23.05%, 11, 0, 2, 79.83, 19600, 74
281, 0, 1, 19, 19, 2, 23.05%, 11, 0, 2, 76.24, 19963, 74
287, 0, 1, 19, 19, 2, 23.05%, 11, 0, 2, 82.25, 20385, 74
292, 0, 1, 19, 19, 2, 23.05%, 11, 0, 2, 72.02, 20736, 74
297, 0, 1, 19, 19, 2, 23.05%, 11, 0, 2, 73.94, 21111, 74
302, 0, 1, 19, 19, 2, 23.05%, 11, 0, 2, 67.24, 21444, 74
307, 0, 1, 19, 19, 2, 23.05%, 11, 0, 2, 69.13, 21793, 74
312, 0, 1, 19, 19, 2, 23.05%, 11, 0, 2, 75.17, 22174, 74
317, 0, 1, 19, 19, 2, 23.05%, 11, 0, 2, 78.15, 22555, 74
322, 0, 1, 19, 19, 2, 23.05%, 11, 0, 2, 74.69, 22940, 74
327, 0, 1, 19, 19, 2, 23.05%, 11, 0, 2, 74.29, 23308, 74
333, 0, 1, 19, 19, 2, 23.05%, 11, 0, 2, 74.34, 23688, 74
338, 0, 1, 19, 19, 2, 23.05%, 11, 0, 2, 70.82, 24046, 74
343, 0, 1, 19, 19, 2, 23.05%, 11, 0, 2, 73.83, 24426, 74
348, 0, 1, 19, 19, 2, 23.05%, 11, 0, 2, 71.49, 24776, 74
353, 0, 1, 19, 19, 2, 23.05%, 11, 0, 2, 70.67, 25142, 74
358, 0, 1, 19, 19, 2, 23.05%, 11, 0, 2, 72.03, 25506, 74
363, 0, 1, 19, 19, 2, 23.05%, 11, 0, 2, 68.06, 25876, 74
368, 0, 1, 19, 19, 2, 23.05%, 11, 0, 2, 74.46, 26262, 74
373, 0, 1, 19, 19, 2, 23.05%, 11, 0, 2, 73.79, 26630, 74
379, 0, 1, 19, 19, 2, 23.05%, 11, 0, 2, 70.84, 26991, 74
384, 0, 1, 19, 19, 2, 23.05%, 11, 0, 2, 72.33, 27368, 74
389, 0, 1, 19, 19, 2, 23.05%, 11, 0, 2, 74.25, 27744, 74
394, 0, 1, 20, 20, 2, 23.05%, 11, 0, 2, 68.37, 28098, 74
399, 0, 1, 20, 20, 2, 23.05%, 11, 0, 2, 77.24, 28511, 74
404, 0, 1, 20, 20, 2, 23.05%, 11, 0, 2, 78.11, 28906, 74
409, 0, 1, 20, 20, 2, 23.05%, 11, 0, 2, 81.47, 29315, 74
414, 0, 1, 20, 20, 2, 23.05%, 11, 0, 2, 72.51, 29680, 74
419, 0, 1, 20, 20, 2, 23.05%, 11, 0, 2, 74.82, 30065, 74
424, 0, 1, 21, 21, 2, 23.36%, 11, 0, 2, 70.13, 30427, 75
430, 0, 1, 21, 21, 2, 23.36%, 11, 0, 2, 68.93, 30783, 75
435, 0, 1, 21, 21, 2, 23.36%, 11, 0, 2, 73.18, 31173, 75
440, 0, 1, 21, 21, 2, 23.36%, 11, 0, 2, 72.48, 31536, 75
445, 0, 1, 21, 21, 2, 23.36%, 11, 0, 2, 66.70, 31868, 75
450, 0, 1, 21, 21, 2, 23.36%, 11, 0, 2, 66.07, 32212, 75
455, 0, 1, 21, 21, 2, 23.36%, 11, 0, 2, 77.54, 32620, 75
460, 0, 1, 21, 21, 2, 23.36%, 11, 0, 2, 76.60, 33010, 75
465, 0, 1, 21, 21, 2, 23.36%, 11, 0, 2, 55.22, 33268, 75
470, 0, 1, 21, 21, 2, 23.36%, 11, 0, 2, 57.64, 33551, 75
475, 0, 16, 21, 20, 16, 23.36%, 12, 0, 2, 80.59, 34008, 75
480, 0, 7, 21, 19, 15, 23.36%, 12, 0, 2, 101.61, 34531, 75
485, 0, 6, 22, 19, 14, 23.68%, 12, 0, 3, 129.02, 35210, 76
490, 0, 8, 22, 18, 14, 23.68%, 12, 0, 3, 135.85, 35910, 76
496, 0, 8, 22, 18, 14, 23.68%, 12, 0, 3, 47.61, 36178, 76
501, 0, 8, 22, 18, 14, 23.68%, 12, 0, 3, 63.72, 36550, 76
506, 0, 8, 22, 18, 14, 23.68%, 12, 0, 3, 57.17, 36868, 76
511, 0, 8, 22, 18, 14, 23.68%, 12, 0, 3, 50.20, 37098, 76
516, 0, 5, 22, 17, 13, 23.68%, 12, 0, 3, 51.24, 37348, 76
521, 0, 5, 22, 17, 13, 23.68%, 12, 0, 3, 66.88, 37713, 76
526, 0, 12, 22, 16, 12, 23.68%, 12, 0, 3, 61.61, 38004, 76
531, 0, 10, 22, 15, 11, 23.68%, 12, 0, 3, 113.55, 38651, 76
537, 0, 10, 22, 15, 11, 23.68%, 12, 0, 3, 66.87, 38882, 76
542, 0, 10, 22, 15, 11, 23.68%, 12, 0, 3, 78.65, 39264, 76
547, 0, 10, 22, 15, 11, 23.68%, 12, 0, 3, 66.37, 39550, 76
552, 0, 15, 22, 14, 10, 23.68%, 12, 0, 3, 100.83, 40036, 76
557, 0, 18, 22, 12, 8, 23.68%, 12, 0, 3, 119.96, 40721, 76
562, 0, 18, 22, 12, 8, 23.68%, 12, 0, 3, 117.46, 41293, 76
567, 0, 11, 22, 11, 7, 23.68%, 12, 0, 3, 129.54, 41942, 76
572, 0, 9, 22, 10, 6, 23.68%, 12, 0, 3, 137.98, 42643, 76
577, 0, 14, 22, 9, 5, 23.68%, 12, 0, 3, 104.56, 43182, 76
582, 0, 14, 22, 9, 5, 23.68%, 12, 0, 3, 72.54, 43530, 76
587, 0, 4, 22, 8, 4, 23.68%, 12, 0, 3, 101.82, 44022, 76
592, 0, 0, 22, 7, 3, 23.68%, 12, 0, 3, 21.84, 44577, 76
598, 0, 0, 22, 7, 3, 23.68%, 12, 0, 3, 21.35, 44687, 76
603, 0, 0, 22, 7, 3, 23.68%, 12, 0, 3, 21.01, 44796, 76
608, 0, 0, 22, 7, 3, 23.68%, 12, 0, 3, 42.12, 45022, 76
613, 0, 0, 23, 8, 3, 23.68%, 12, 0, 3, 48.16, 45280, 76
618, 0, 0, 23, 8, 3, 23.68%, 12, 0, 3, 55.69, 45575, 76
623, 0, 0, 23, 8, 3, 23.68%, 12, 0, 3, 96.87, 46122, 76
629, 0, 22, 23, 7, 3, 23.68%, 12, 0, 3, 78.36, 46561, 76
634, 0, 22, 23, 7, 3, 23.68%, 12, 0, 3, 35.04, 46671, 76
639, 0, 22, 23, 7, 3, 23.68%, 12, 0, 3, 24.63, 46781, 76
644, 0, 22, 23, 7, 3, 23.68%, 12, 0, 3, 50.25, 47072, 76
649, 0, 22, 23, 7, 3, 23.68%, 12, 0, 3, 68.94, 47441, 76
654, 0, 4, 23, 6, 2, 23.68%, 12, 0, 3, 110.35, 47990, 76
659, 0, 20, 23, 6, 2, 23.68%, 12, 0, 3, 20.79, 48484, 76
664, 0, 20, 23, 6, 2, 23.68%, 12, 0, 3, 39.67, 48665, 76
669, 0, 20, 23, 6, 2, 23.68%, 12, 0, 3, 71.12, 49063, 76
674, 0, 19, 23, 5, 1, 23.68%, 12, 0, 3, 58.53, 49382, 76
679, 0, 19, 23, 5, 1, 23.68%, 12, 0, 3, 65.94, 49694, 76
685, 0, 19, 23, 5, 1, 23.68%, 12, 0, 3, 72.51, 50056, 76
690, 0, 19, 23, 5, 1, 23.68%, 12, 0, 3, 54.52, 50373, 76
695, 0, 6, 23, 4, 0, 23.68%, 12, 0, 3, 91.90, 50803, 76
700, 0, 5, 23, 4, 0, 23.68%, 12, 0, 3, 99.82, 51375, 76
705, 0, 5, 23, 4, 0, 23.68%, 12, 0, 3, 81.28, 51759, 76
710, 0, 5, 23, 4, 0, 23.68%, 12, 0, 3, 71.72, 52074, 76
715, 0, 5, 23, 4, 0, 23.68%, 12, 0, 3, 63.35, 52406, 76
720, 0, 5, 23, 4, 0, 23.68%, 12, 0, 3, 64.95, 52735, 76
725, 0, 10, 23, 4, 0, 23.68%, 12, 0, 3, 73.66, 53118, 76
730, 0, 10, 23, 4, 0, 23.68%, 12, 0, 3, 79.43, 53552, 76
736, 0, 10, 23, 4, 0, 23.68%, 12, 0, 3, 93.07, 54061, 76
741, 0, 6, 23, 4, 0, 23.68%, 12, 0, 3, 122.93, 54709, 76
746, 1, 4, 23, 4, 0, 23.68%, 12, 0, 3, 131.99, 55409, 76
751, 1, 8, 23, 4, 0, 23.68%, 12, 0, 3, 88.36, 55790, 76
756, 1, 8, 23, 4, 0, 23.68%, 12, 0, 3, 74.49, 56110, 76
761, 1, 8, 23, 4, 0, 23.68%, 12, 0, 3, 62.75, 56411, 76
766, 1, 10, 23, 4, 0, 23.68%, 12, 0, 3, 55.28, 56675, 76
772, 1, 10, 23, 4, 0, 23.68%, 12, 0, 3, 70.56, 57066, 76
777, 1, 10, 23, 4, 0, 23.68%, 12, 0, 3, 67.41, 57413, 76
782, 1, 10, 23, 4, 0, 23.68%, 12, 0, 3, 62.11, 57749, 76
787, 1, 8, 23, 4, 0, 23.68%, 12, 0, 3, 68.64, 58085, 76
792, 1, 8, 23, 4, 0, 23.68%, 12, 0, 3, 73.62, 58480, 76
797, 1, 8, 23, 4, 0, 23.68%, 12, 0, 3, 85.18, 58914, 76
802, 1, 19, 24, 5, 0, 24.30%, 12, 0, 3, 75.21, 59271, 78
807, 1, 19, 24, 5, 0, 24.30%, 12, 0, 3, 70.22, 59632, 78
813, 1, 19, 24, 5, 0, 24.30%, 12, 0, 3, 73.34, 60010, 78
818, 1, 19, 24, 5, 0, 24.30%, 12, 0, 3, 69.19, 60369, 78
823, 1, 19, 24, 5, 0, 24.30%, 12, 0, 3, 65.39, 60707, 78
828, 1, 19, 24, 5, 0, 24.30%, 12, 0, 3, 71.78, 61068, 78
833, 1, 19, 24, 5, 0, 24.30%, 12, 0, 3, 68.14, 61413, 78
838, 1, 19, 24, 5, 0, 24.30%, 12, 0, 3, 72.94, 61802, 78
843, 1, 19, 24, 5, 0, 24.30%, 12, 0, 3, 74.22, 62172, 78
848, 1, 19, 24, 5, 0, 24.30%, 12, 0, 3, 73.33, 62532, 78
854, 1, 19, 24, 5, 0, 24.30%, 12, 0, 3, 50.16, 62797, 78
859, 1, 19, 24, 5, 0, 24.30%, 12, 0, 3, 31.04, 62929, 78
864, 1, 19, 24, 5, 0, 24.30%, 12, 0, 3, 27.94, 63065, 78
869, 1, 19, 24, 5, 0, 24.30%, 12, 0, 3, 70.90, 63391, 78
874, 1, 19, 24, 5, 0, 24.30%, 12, 0, 3, 65.19, 63774, 78
879, 1, 19, 24, 5, 0, 24.30%, 12, 0, 3, 57.26, 64092, 78
885, 1, 19, 24, 5, 0, 24.30%, 12, 0, 3, 30.67, 64213, 78
890, 1, 19, 24, 5, 0, 24.30%, 12, 0, 3, 24.02, 64326, 78
895, 1, 19, 24, 5, 0, 24.30%, 12, 0, 3, 25.21, 64457, 78
900, 1, 19, 24, 5, 0, 24.30%, 12, 0, 3, 87.22, 64921, 78
905, 1, 19, 24, 5, 0, 24.30%, 12, 0, 3, 62.24, 65202, 78
910, 1, 19, 24, 5, 0, 24.30%, 12, 0, 3, 41.54, 65405, 78
915, 1, 19, 24, 5, 0, 24.30%, 12, 0, 3, 26.85, 65528, 78
921, 1, 19, 24, 5, 0, 24.30%, 12, 0, 3, 26.46, 65665, 78
926, 1, 19, 24, 5, 0, 24.30%, 12, 0, 3, 24.97, 65792, 78
931, 1, 19, 24, 5, 0, 24.30%, 12, 0, 3, 24.58, 65915, 78
936, 1, 23, 24, 5, 1, 24.30%, 12, 0, 3, 37.04, 66100, 78
941, 1, 23, 24, 5, 1, 24.30%, 12, 0, 3, 60.59, 66385, 78
946, 1, 23, 24, 5, 1, 24.30%, 12, 0, 3, 73.73, 66765, 78
951, 1, 23, 24, 5, 1, 24.30%, 12, 0, 3, 74.61, 67115, 78
956, 1, 23, 24, 5, 1, 24.30%, 12, 0, 3, 65.19, 67450, 78
961, 1, 23, 24, 5, 1, 24.30%, 12, 0, 3, 41.92, 67668, 78
967, 1, 23, 24, 5, 1, 24.30%, 12, 0, 3, 34.69, 67849, 78
972, 1, 23, 24, 5, 1, 24.30%, 12, 0, 3, 83.47, 68264, 78
977, 1, 0, 25, 5, 0, 24.30%, 12, 0, 3, 67.01, 68593, 78
982, 1, 0, 25, 5, 0, 24.30%, 12, 0, 3, 56.21, 68872, 78
987, 1, 0, 25, 5, 0, 24.30%, 12, 0, 3, 59.98, 69189, 78
992, 1, 0, 25, 5, 0, 24.30%, 12, 0, 3, 57.80, 69478, 78
997, 1, 0, 25, 5, 0, 24.30%, 12, 0, 3, 59.81, 69776, 78
1003, 1, 0, 25, 5, 0, 24.30%, 12, 0, 3, 58.21, 70077, 78
1008, 1, 0, 25, 5, 0, 24.30%, 12, 0, 3, 54.42, 70361, 78
1013, 1, 0, 25, 5, 0, 24.30%, 12, 0, 3, 60.02, 70680, 78
1018, 1, 0, 25, 5, 0, 24.30%, 12, 0, 3, 62.17, 70994, 78
1023, 1, 0, 25, 5, 0, 24.30%, 12, 0, 3, 58.81, 71284, 78
1028, 1, 0, 25, 5, 0, 24.30%, 12, 0, 3, 58.23, 71563, 78
1033, 1, 0, 25, 5, 0, 24.30%, 13, 0, 3, 54.26, 71827, 78
1038, 1, 0, 25, 5, 0, 24.30%, 13, 0, 3, 39.60, 72014, 78
1043, 1, 0, 25, 5, 0, 24.30%, 13, 0, 3, 68.18, 72338, 78
1049, 1, 0, 25, 5, 0, 24.30%, 13, 0, 3, 79.96, 72815, 78
1054, 1, 0, 25, 5, 0, 24.30%, 13, 0, 3, 43.23, 72981, 78
1059, 1, 0, 25, 5, 0, 24.30%, 13, 0, 3, 116.25, 73622, 78
1064, 1, 0, 25, 5, 0, 24.30%, 13, 0, 3, 117.49, 74258, 78
1069, 1, 0, 25, 5, 0, 24.30%, 13, 0, 3, 69.44, 74621, 78
1074, 1, 0, 25, 5, 0, 24.30%, 13, 0, 3, 69.36, 74891, 78
1079, 1, 11, 25, 5, 0, 24.30%, 13, 0, 3, 121.24, 75595, 78
1085, 1, 12, 25, 5, 0, 24.30%, 13, 0, 3, 128.17, 76273, 78
1090, 1, 5, 25, 5, 0, 24.30%, 13, 0, 3, 87.00, 76694, 78
1095, 1, 5, 25, 5, 0, 24.30%, 13, 0, 3, 51.23, 76923, 78
1100, 1, 5, 25, 5, 0, 24.30%, 13, 0, 3, 32.69, 77078, 78
1105, 1, 23, 25, 5, 0, 24.30%, 13, 0, 3, 53.37, 77347, 78
1110, 1, 23, 25, 5, 0, 24.30%, 13, 0, 3, 65.51, 77705, 78
1115, 1, 23, 25, 5, 0, 24.30%, 13, 0, 3, 65.47, 78054, 78
1120, 1, 23, 25, 5, 0, 24.30%, 13, 0, 3, 72.41, 78439, 78
1125, 1, 23, 25, 5, 0, 24.30%, 13, 0, 3, 73.74, 78819, 78
1130, 1, 23, 25, 5, 0, 24.30%, 13, 0, 3, 49.21, 79076, 78
1136, 1, 23, 25, 5, 0, 24.30%, 13, 0, 3, 35.47, 79235, 78
1141, 1, 23, 25, 5, 0, 24.30%, 13, 0, 3, 40.20, 79451, 78
1146, 1, 23, 25, 5, 0, 24.30%, 13, 0, 3, 36.65, 79632, 78
1151, 1, 23, 25, 5, 0, 24.30%, 13, 0, 3, 43.99, 79857, 78
1156, 1, 23, 25, 5, 0, 24.30%, 13, 0, 3, 59.30, 80225, 78
1161, 1, 23, 25, 5, 0, 24.30%, 13, 0, 3, 57.60, 80491, 78
1166, 1, 23, 25, 5, 0, 24.30%, 13, 0, 3, 32.59, 80638, 78
1171, 1, 23, 25, 5, 0, 24.30%, 13, 0, 3, 29.94, 80777, 78
1176, 1, 23, 25, 5, 0, 24.30%, 13, 0, 3, 61.66, 81089, 78
1181, 1, 23, 25, 5, 0, 24.30%, 13, 0, 3, 58.88, 81479, 78
1186, 1, 23, 25, 5, 0, 24.30%, 13, 0, 3, 32.57, 81605, 78
1191, 1, 23, 25, 5, 0, 24.30%, 13, 0, 3, 45.99, 81840, 78
1197, 1, 23, 25, 5, 0, 24.30%, 13, 0, 3, 61.33, 82217, 78
1202, 1, 11, 25, 5, 0, 24.30%, 13, 0, 3, 102.26, 82726, 78
1207, 1, 14, 25, 5, 0, 24.30%, 13, 0, 3, 91.50, 83248, 78
1212, 1, 14, 25, 5, 0, 24.30%, 13, 0, 3, 51.98, 83481, 78
1217, 1, 14, 25, 5, 0, 24.30%, 13, 0, 3, 43.68, 83680, 78
1222, 1, 9, 25, 5, 0, 24.30%, 13, 0, 3, 80.79, 84069, 78
1227, 1, 9, 25, 5, 0, 24.30%, 13, 0, 3, 118.81, 84734, 78
1232, 1, 10, 25, 5, 0, 24.30%, 13, 0, 3, 78.72, 85083, 78
1238, 1, 10, 25, 5, 0, 24.30%, 13, 0, 3, 52.64, 85309, 78
1243, 1, 10, 25, 5, 0, 24.30%, 13, 0, 3, 40.05, 85527, 78
1248, 1, 10, 25, 5, 0, 24.30%, 13, 0, 3, 41.48, 85742, 78
1253, 1, 11, 25, 5, 0, 24.30%, 13, 0, 3, 85.23, 86168, 78
1258, 1, 15, 25, 5, 0, 24.30%, 13, 0, 3, 127.01, 86875, 78
1263, 1, 15, 25, 5, 0, 24.30%, 13, 0, 3, 136.88, 87574, 78
1268, 1, 23, 25, 5, 0, 24.30%, 13, 0, 3, 83.67, 87937, 78
1273, 1, 23, 25, 5, 0, 24.30%, 13, 0, 3, 74.00, 88283, 78
1278, 1, 23, 25, 5, 0, 24.30%, 13, 0, 3, 76.32, 88667, 78
1284, 1, 23, 25, 5, 0, 24.30%, 13, 0, 3, 68.17, 89013, 78
1289, 1, 23, 25, 5, 0, 24.30%, 13, 0, 3, 74.62, 89376, 78
1294, 1, 23, 25, 5, 0, 24.30%, 13, 0, 3, 65.94, 89754, 78
1299, 1, 23, 25, 5, 0, 24.30%, 13, 0, 3, 111.50, 90334, 78
1304, 1, 23, 25, 5, 0, 24.30%, 13, 0, 3, 80.10, 90758, 78
1309, 1, 23, 25, 5, 0, 24.30%, 13, 0, 3, 80.29, 91108, 78
1314, 1, 23, 25, 5, 0, 24.30%, 13, 0, 3, 86.26, 91593, 78
1319, 1, 23, 25, 5, 0, 24.30%, 13, 0, 3, 93.06, 92044, 78
1324, 1, 23, 25, 5, 0, 24.30%, 13, 0, 3, 72.33, 92385, 78
1329, 1, 5, 25, 5, 0, 24.30%, 13, 0, 3, 110.60, 92984, 78
1335, 1, 5, 25, 5, 0, 24.30%, 13, 0, 3, 80.46, 93362, 78
1340, 1, 5, 25, 5, 0, 24.30%, 13, 0, 3, 63.27, 93620, 78
1345, 1, 6, 25, 5, 0, 24.30%, 13, 0, 3, 72.16, 93940, 78
1350, 1, 6, 25, 5, 0, 24.30%, 13, 0, 3, 83.11, 94429, 78
1355, 1, 22, 25, 5, 0, 24.30%, 13, 0, 3, 53.82, 94658, 78
1360, 1, 22, 25, 5, 0, 24.30%, 13, 0, 3, 51.01, 94915, 78
1365, 1, 22, 25, 5, 0, 24.30%, 13, 0, 3, 39.63, 95095, 78
1370, 1, 22, 25, 5, 0, 24.30%, 13, 0, 3, 51.78, 95386, 78
1375, 1, 22, 25, 5, 0, 24.30%, 13, 0, 3, 71.57, 95770, 78
1380, 1, 15, 25, 5, 0, 24.30%, 13, 0, 3, 107.27, 96364, 78
1385, 1, 14, 25, 5, 0, 24.30%, 13, 0, 3, 90.16, 96841, 78
1391, 1, 14, 25, 5, 0, 24.30%, 14, 0, 3, 59.35, 97105, 78
1396, 1, 14, 25, 5, 0, 24.30%, 14, 0, 3, 51.19, 97357, 78
1401, 1, 18, 25, 5, 0, 24.30%, 14, 0, 3, 66.48, 97659, 78
1406, 1, 18, 25, 5, 0, 24.30%, 14, 0, 3, 66.81, 97995, 78
1411, 1, 18, 25, 5, 0, 24.30%, 14, 0, 3, 61.55, 98305, 78
1416, 1, 20, 25, 5, 0, 24.30%, 14, 0, 3, 50.17, 98556, 78
1421, 1, 20, 25, 5, 0, 24.30%, 14, 0, 3, 51.00, 98819, 78
1427, 1, 20, 25, 5, 0, 24.30%, 14, 0, 3, 51.47, 99096, 78
1432, 2, 4, 25, 5, 0, 24.30%, 14, 0, 3, 76.84, 99455, 78
1437, 2, 4, 25, 5, 0, 24.30%, 14, 0, 3, 81.68, 99856, 78
1442, 2, 10, 25, 5, 0, 24.30%, 14, 0, 3, 62.41, 100158, 78
1447, 2, 10, 25, 5, 0, 24.30%, 14, 0, 3, 46.73, 100396, 78
1452, 2, 10, 25, 5, 0, 24.30%, 14, 0, 3, 64.86, 100735, 78
1457, 2, 10, 25, 5, 0, 24.30%, 14, 0, 3, 62.10, 101069, 78
1462, 2, 22, 25, 5, 0, 24.30%, 14, 0, 3, 45.13, 101281, 78
1467, 2, 22, 25, 5, 0, 24.30%, 14, 0, 3, 51.15, 101546, 78
1473, 2, 22, 25, 5, 0, 24.30%, 14, 0, 3, 47.51, 101802, 78
1478, 2, 22, 25, 5, 0, 24.30%, 14, 0, 3, 50.17, 102072, 78
1483, 2, 11, 25, 5, 0, 24.30%, 14, 0, 3, 87.55, 102536, 78
1488, 2, 11, 25, 5, 0, 24.30%, 14, 0, 3, 65.67, 102904, 78
1493, 2, 11, 25, 5, 0, 24.30%, 14, 0, 3, 59.22, 103168, 78
1498, 2, 10, 25, 5, 0, 24.30%, 14, 0, 3, 54.02, 103426, 78
1503, 2, 10, 25, 5, 0, 24.30%, 14, 0, 3, 44.32, 103646, 78
1508, 2, 10, 25, 5, 0, 24.30%, 14, 0, 3, 41.66, 103840, 78
1513, 2, 10, 25, 5, 0, 24.30%, 14, 0, 3, 53.24, 104111, 78
1519, 2, 10, 25, 5, 0, 24.30%, 14, 0, 3, 43.14, 104330, 78
1524, 2, 19, 25, 5, 0, 24.30%, 14, 0, 3, 37.09, 104521, 78
1529, 2, 19, 25, 5, 0, 24.30%, 14, 0, 3, 34.30, 104688, 78
1534, 2, 19, 25, 5, 0, 24.30%, 14, 0, 3, 44.73, 104920, 78
1539, 2, 19, 25, 5, 0, 24.30%, 14, 0, 3, 42.76, 105139, 78
1544, 2, 19, 25, 5, 0, 24.30%, 14, 0, 3, 40.19, 105330, 78
1549, 2, 19, 25, 5, 0, 24.30%, 14, 0, 3, 58.00, 105652, 78
1554, 2, 19, 25, 5, 0, 24.30%, 14, 0, 3, 70.92, 106021, 78
1559, 2, 19, 25, 5, 0, 24.30%, 14, 0, 3, 67.33, 106382, 78
1564, 2, 19, 25, 5, 0, 24.30%, 14, 0, 3, 85.62, 106837, 78
1569, 2, 19, 25, 5, 0, 24.30%, 14, 0, 3, 49.82, 107056, 78
1575, 2, 19, 25, 5, 0, 24.30%, 14, 0, 3, 35.88, 107227, 78
1580, 2, 19, 25, 5, 0, 24.30%, 14, 0, 3, 35.17, 107396, 78
1585, 2, 19, 25, 5, 0, 24.30%, 14, 0, 3, 33.96, 107582, 78
1590, 2, 19, 25, 5, 0, 24.30%, 14, 0, 3, 30.91, 107724, 78
1595, 2, 19, 25, 5, 0, 24.30%, 14, 0, 3, 31.48, 107920, 78
1600, 2, 19, 25, 5, 0, 24.30%, 14, 0, 3, 22.57, 108027, 78
1605, 2, 8, 25, 5, 0, 24.30%, 14, 0, 3, 39.98, 108251, 78
1610, 2, 8, 25, 5, 0, 24.30%, 14, 0, 3, 37.18, 108435, 78
1615, 2, 8, 25, 5, 0, 24.30%, 14, 0, 3, 36.16, 108610, 78
1621, 2, 8, 25, 5, 0, 24.30%, 14, 0, 3, 32.97, 108783, 78
1626, 2, 8, 25, 5, 0, 24.30%, 14, 0, 3, 46.40, 109026, 78
1631, 2, 8, 25, 5, 0, 24.30%, 14, 0, 3, 69.56, 109387, 78
1636, 2, 5, 25, 5, 0, 24.30%, 14, 0, 3, 63.72, 109705, 78
1641, 2, 5, 25, 5, 0, 24.30%, 14, 0, 3, 59.24, 110033, 78
1646, 2, 10, 25, 5, 0, 24.30%, 14, 0, 3, 61.82, 110333, 78
1651, 2, 10, 25, 5, 0, 24.30%, 14, 0, 3, 61.25, 110671, 78
1657, 2, 10, 25, 5, 0, 24.30%, 14, 0, 3, 85.64, 111066, 78
1662, 2, 10, 25, 5, 0, 24.30%, 14, 0, 3, 74.15, 111418, 78
1667, 2, 5, 25, 5, 0, 24.30%, 14, 0, 3, 60.90, 111733, 78
1672, 2, 5, 25, 5, 0, 24.30%, 14, 0, 3, 58.21, 112006, 78
1677, 2, 8, 25, 5, 0, 24.30%, 14, 0, 3, 65.25, 112347, 78
1682, 2, 8, 25, 5, 0, 24.30%, 14, 0, 3, 61.19, 112666, 78
1687, 2, 8, 25, 5, 0, 24.30%, 14, 0, 3, 71.32, 113027, 78
1692, 2, 8, 25, 5, 0, 24.30%, 14, 0, 3, 43.96, 113204, 78
1698, 2, 8, 25, 5, 0, 24.30%, 14, 0, 3, 46.05, 113453, 78
1703, 2, 18, 25, 5, 0, 24.30%, 14, 0, 3, 76.54, 113894, 78
1708, 2, 16, 25, 5, 0, 24.30%, 14, 0, 3, 94.04, 114394, 78
1713, 2, 16, 25, 5, 0, 24.30%, 14, 0, 3, 84.13, 114847, 78
1718, 2, 22, 25, 5, 0, 24.30%, 14, 0, 3, 85.90, 115145, 78
1723, 2, 22, 25, 5, 0, 24.30%, 14, 0, 3, 62.96, 115417, 78
1728, 2, 22, 25, 5, 0, 24.30%, 14, 0, 3, 85.28, 115833, 78
1733, 2, 22, 25, 5, 0, 24.30%, 14, 0, 3, 73.61, 116215, 78
1738, 2, 5, 25, 5, 0, 24.30%, 14, 0, 3, 64.41, 116583, 78
1743, 2, 5, 25, 5, 0, 24.30%, 14, 0, 3, 43.27, 116764, 78
1748, 2, 5, 25, 5, 0, 24.30%, 14, 0, 3, 44.68, 116977, 78
1754, 2, 20, 25, 5, 0, 24.30%, 14, 0, 3, 56.34, 117244, 78
1759, 2, 20, 25, 5, 0, 24.30%, 14, 0, 3, 57.68, 117556, 78
1764, 2, 20, 25, 5, 0, 24.30%, 14, 0, 3, 33.99, 117700, 78
1769, 2, 20, 25, 5, 0, 24.30%, 14, 0, 3, 42.98, 117904, 78
1774, 2, 15, 25, 5, 0, 24.30%, 14, 0, 3, 80.34, 118354, 78
1779, 2, 15, 25, 5, 0, 24.30%, 14, 0, 3, 88.67, 118822, 78
1784, 2, 11, 25, 5, 0, 24.30%, 14, 0, 3, 98.94, 119335, 78
1790, 2, 10, 25, 5, 0, 24.30%, 14, 0, 3, 88.55, 119805, 78
1795, 2, 10, 25, 5, 0, 24.30%, 14, 0, 3, 62.81, 120088, 78
1800, 2, 10, 25, 5, 0, 24.30%, 14, 0, 3, 48.34, 120336, 78
1805, 2, 10, 25, 5, 0, 24.30%, 14, 0, 3, 42.21, 120549, 78
1810, 2, 10, 25, 5, 0, 24.30%, 14, 0, 3, 45.74, 120794, 78
1815, 2, 16, 25, 5, 0, 24.30%, 14, 0, 3, 78.06, 121186, 78
1820, 2, 16, 25, 5, 0, 24.30%, 14, 0, 3, 95.29, 121667, 78
1825, 2, 16, 25, 5, 0, 24.30%, 14, 0, 3, 97.05, 122138, 78
1831, 2, 16, 25, 5, 0, 24.30%, 14, 0, 3, 108.83, 122730, 78
1836, 2, 4, 25, 5, 0, 24.30%, 14, 0, 3, 113.56, 123319, 78
1841, 2, 11, 25, 5, 0, 24.30%, 14, 0, 3, 119.17, 123928, 78
1846, 2, 6, 25, 5, 0, 24.30%, 14, 0, 3, 128.84, 124607, 78
1851, 2, 9, 25, 5, 0, 24.30%, 14, 0, 3, 120.72, 125193, 78
1856, 2, 9, 25, 5, 0, 24.30%, 14, 0, 3, 119.48, 125828, 78
1861, 3, 5, 25, 5, 0, 24.30%, 14, 0, 3, 81.00, 126209, 78
1867, 3, 5, 25, 5, 0, 24.30%, 14, 0, 3, 77.92, 126603, 78
1872, 3, 8, 25, 5, 0, 24.30%, 14, 0, 3, 72.68, 126977, 78
1877, 3, 8, 25, 5, 0, 24.30%, 14, 0, 3, 65.67, 127292, 78
1882, 3, 8, 25, 5, 0, 24.30%, 14, 0, 3, 48.33, 127523, 78
1887, 3, 8, 25, 5, 0, 24.30%, 14, 0, 3, 57.38, 127796, 78
1892, 3, 4, 25, 5, 0, 24.30%, 14, 0, 3, 49.60, 128008, 78
1897, 3, 4, 25, 5, 0, 24.30%, 14, 0, 3, 107.79, 128644, 78
1902, 3, 5, 25, 5, 0, 24.30%, 14, 0, 3, 113.03, 129247, 78
1908, 3, 5, 25, 5, 0, 24.30%, 14, 0, 3, 67.87, 129566, 78
1913, 3, 5, 25, 5, 0, 24.30%, 14, 0, 3, 69.11, 129937, 78
1918, 3, 20, 25, 5, 0, 24.30%, 14, 0, 3, 65.52, 130281, 78
1923, 3, 20, 25, 5, 0, 24.30%, 14, 0, 3, 65.61, 130606, 78
1928, 3, 20, 25, 5, 0, 24.30%, 14, 0, 3, 41.00, 130784, 78
1933, 3, 24, 25, 5, 0, 24.30%, 14, 0, 3, 41.56, 130965, 78
1938, 3, 24, 25, 5, 0, 24.30%, 14, 0, 3, 37.53, 131199, 78
1944, 3, 24, 25, 5, 0, 24.30%, 14, 0, 3, 24.86, 131307, 78
1949, 3, 24, 25, 5, 0, 24.30%, 14, 0, 3, 31.95, 131457, 78
1954, 3, 24, 25, 5, 0, 24.30%, 14, 0, 3, 47.32, 131721, 78
1959, 3, 24, 26, 6, 0, 24.30%, 14, 0, 3, 53.53, 131997, 78
1964, 3, 24, 26, 6, 0, 24.30%, 14, 0, 3, 49.36, 132260, 78
1969, 3, 24, 26, 6, 0, 24.30%, 14, 0, 3, 53.19, 132536, 78
1975, 3, 24, 26, 6, 0, 24.30%, 14, 0, 3, 46.51, 132763, 78
1980, 3, 24, 26, 6, 0, 24.30%, 14, 0, 3, 54.69, 133061, 78
1985, 3, 24, 26, 6, 0, 24.30%, 14, 0, 3, 63.04, 133395, 78
1990, 3, 24, 26, 6, 0, 24.30%, 14, 0, 3, 104.59, 133948, 78
1995, 3, 24, 26, 6, 0, 24.30%, 14, 0, 3, 75.69, 134352, 78
2000, 3, 20, 26, 5, 0, 24.30%, 14, 0, 3, 61.58, 134671, 78
2005, 3, 20, 26, 5, 0, 24.30%, 14, 0, 3, 62.78, 134977, 78
2010, 3, 10, 26, 5, 0, 24.30%, 14, 0, 3, 74.26, 135379, 78
2016, 3, 10, 26, 5, 0, 24.30%, 14, 0, 3, 78.02, 135767, 78
2021, 3, 12, 26, 5, 0, 24.30%, 14, 0, 3, 53.31, 136044, 78
2026, 3, 12, 26, 5, 0, 24.30%, 14, 0, 3, 65.66, 136355, 78
2031, 3, 15, 26, 5, 0, 24.30%, 14, 0, 3, 87.39, 136835, 78
2036, 3, 16, 26, 5, 0, 24.30%, 14, 0, 3, 100.82, 137369, 78
2041, 3, 16, 26, 5, 0, 24.30%, 14, 0, 3, 55.67, 137585, 78
2046, 3, 16, 26, 5, 0, 24.30%, 14, 0, 3, 56.65, 137863, 78
2051, 3, 6, 26, 5, 0, 24.30%, 14, 0, 3, 73.21, 138240, 78
2056, 3, 6, 26, 5, 0, 24.30%, 14, 0, 3, 108.01, 138831, 78
2062, 3, 10, 26, 5, 0, 24.30%, 14, 0, 3, 90.21, 139302, 78
2067, 3, 10, 27, 6, 0, 24.61%, 14, 0, 3, 57.39, 139563, 79
2072, 3, 10, 27, 6, 0, 24.61%, 14, 0, 3, 37.55, 139726, 79
2077, 3, 10, 27, 6, 0, 24.61%, 14, 0, 3, 59.10, 140060, 79
2082, 3, 10, 27, 6, 0, 24.61%, 14, 0, 3, 33.11, 140198, 79
2087, 3, 18, 27, 6, 1, 24.61%, 14, 0, 3, 55.92, 140462, 79
2092, 3, 18, 27, 6, 1, 24.61%, 14, 0, 3, 100.60, 141011, 79
2097, 3, 26, 27, 6, 1, 24.61%, 14, 0, 3, 60.17, 141277, 79
2102, 3, 26, 27, 6, 1, 24.61%, 14, 0, 3, 55.96, 141584, 79
2108, 3, 26, 27, 6, 1, 24.61%, 14, 0, 3, 72.07, 141926, 79
2113, 3, 26, 27, 6, 1, 24.61%, 14, 0, 3, 100.40, 142444, 79
2118, 3, 5, 27, 5, 0, 24.61%, 14, 0, 3, 90.60, 142851, 79
2123, 3, 5, 27, 5, 0, 24.61%, 14, 0, 3, 78.15, 143242, 79
2128, 3, 5, 27, 5, 0, 24.61%, 14, 0, 3, 65.51, 143542, 79
2133, 3, 10, 27, 5, 0, 24.61%, 14, 0, 3, 75.07, 143946, 79
2138, 3, 10, 27, 5, 0, 24.61%, 14, 0, 3, 41.58, 144131, 79
2143, 3, 10, 27, 5, 0, 24.61%, 14, 0, 3, 54.23, 144409, 79
2148, 3, 22, 27, 5, 0, 24.61%, 14, 0, 3, 50.57, 144673, 79
2153, 3, 22, 27, 5, 0, 24.61%, 14, 0, 3, 53.31, 144984, 79
2158, 3, 6, 27, 5, 0, 24.61%, 14, 0, 3, 103.41, 145530, 79
2164, 3, 8, 27, 5, 0, 24.61%, 14, 0, 3, 115.00, 146171, 79
2169, 3, 8, 27, 5, 0, 24.61%, 14, 0, 3, 85.28, 146583, 79
2174, 3, 11, 27, 5, 0, 24.61%, 14, 0, 3, 106.43, 147070, 79
2179, 3, 22, 27, 5, 0, 24.61%, 14, 0, 3, 116.81, 147701, 79
2184, 3, 22, 27, 5, 0, 24.61%, 14, 0, 3, 63.33, 147948, 79
2189, 3, 22, 27, 5, 0, 24.61%, 14, 0, 3, 96.28, 148457, 79
2194, 3, 0, 27, 5, 0, 24.61%, 14, 0, 3, 68.71, 148747, 79
2199, 3, 0, 27, 5, 0, 24.61%, 14, 0, 3, 58.01, 149027, 79
2204, 3, 0, 27, 5, 0, 24.61%, 14, 0, 3, 51.65, 149281, 79
2209, 3, 0, 27, 5, 0, 24.61%, 14, 0, 3, 52.99, 149533, 79
2214, 3, 0, 27, 5, 0, 24.61%, 14, 0, 3, 52.39, 149806, 79
2219, 3, 0, 27, 5, 0, 24.61%, 14, 0, 3, 60.36, 150117, 79
2225, 3, 0, 27, 5, 0, 24.61%, 14, 0, 3, 87.83, 150552, 79
2230, 3, 0, 27, 5, 0, 24.61%, 14, 0, 3, 91.62, 151021, 79
2234, 3, 0, 27, 5, 0, 24.61%, 14, 0, 3, 101.12, 151417, 79
